#l	b	DM	e_l	e_u	DMmax	e_sys
303.48	-6.42	60.71335927	6.323289758	6.323289758	67.03664903	0
65.012566	-27.312534	21.06990656	13.62617347	31.92870468	52.99861124	0
2.79	-7.91	30.76523995	5.325517906	5.325517906	36.09075785	0
31.36	-8.46	55.43450065	26.84390649	26.84390649	82.27840714	0
71.33496	3.066917	74.07554461	29.52693776	5.573509467	79.64905408	0
344.98	2.46	70.16861219	7.552359592	7.552359592	77.72097178	0
349.1	2.75	65.70687419	6.490736836	6.490736836	72.19761103	0
163.0813512	-17.1361916	161.200667	136.2165555	21.0530916	182.2537586	0
238.9399	-25.18319	58.18047063	27.3616051	42.91463961	101.0951102	0
263.552021	-2.787006	33.70920353	16.3640167	39.89991622	73.60911975	0
36.12	4.84	49.44228275	6.675634402	6.675634402	56.11791715	0
29.906509	-6.82095	76.11378842	7.600340696	12.32275936	88.43654778	0
359.82	-8	35.46044099	3.79875957	3.79875957	39.25920056	0
336.71827	-3.427067	219.3527154	33.718848	481.7034174	701.0561328	0						
191.81	-33.16	26.12840467	32.82359997	32.82359997	58.95200464	0
305.1	57.06	57.12710765	55.27863951	55.27863951	112.4057472	0
142.04	-30.54	40.96627756	27.10866083	27.10866083	68.07493839	0
295.07	-57.83	27.50324254	19.32747055	19.32747055	46.83071309	0
123.75	-50.17	15.29182879	32.32387732	32.32387732	47.61570611	0
179.69	-60.48	70.55771725	59.66688645	59.66688645	130.2246037	0
165.01	44.36	20.86251621	26.33620124	26.33620124	47.19871745	0
138.99	-85.07	23.15823606	23.60830433	23.60830433	46.76654039	0
259.333385	36.515092	495.8442571	178.6431713	1294.302662	1790.146919	0
108.763379	-41.424345	82.00322931	43.45346332	101.0538783	183.0571076	0
180.27826	59.064689	21.82429392	16.09211672	42.43087286	64.25516678	0
168.602525	28.382111	1459.077795	1335.438267	7942.920246	9401.998041	0
300.040932	65.213621	242.1715768	177.1725608	366.4711507	608.6427275	0
266.986787	-41.996326	29.76521348	21.47382901	137.6887735	167.4539869	0
310.189353	23.97919	876.7436936	775.0381771	13023.5473	13900.29099	0
125.446371	41.672225	129.0002382	107.0158396	62.83680226	191.8370405	0
213.824209	39.724125	682.2176341	638.0870358	83.34067128	765.5583054	0
40.26	-34.93	134.6687844	112.9841532	60.80037169	195.4691561	0
148.883108	70.085164	31.87094828	8.937645834	8.937645834	40.80859411	0
133.235657	42.40273	36.09054109	10.73427407	10.73427407	46.82481515	0
321.76	-6.34	69.26343154	6.591506369	148.4505875	465.4595991	32.76537706
332.91	-4.82	92.6345474	10.08145439	14.77609913	161.5473239	35.21561095
346.05	-6.99	94.22300754	7.871469575	11.64741242	154.3436121	35.10497901
35.72	-4.14	74.84695877	4.831488441	9.289242353	126.2356623	29.65889133
87.33	-11.32	47.56389797	3.391732671	3.908315148	78.62207492	22.57038305
9.27	-6.09	107.7763002	14.42459074	74.71072313	329.104163	39.2289591
338.94	-4.33	178.1859713	13.00302052	17.08644322	323.5468885	103.9836366
8.51	9.04	71.61438895	19.09640894	34.97091717	194.4152192	37.2953228
11.3	-12.87	38.79762569	3.783354531	40.78022556	163.3895123	24.89360494
355.39	-8.15	47.47985258	5.321242604	5.613677765	84.81691946	24.09463858
24.9	12.19	42.95849506	3.438279052	4.819322068	78.04098125	23.51621231
161.44	54.44	90.88779481	55.41082472	583.665398	1591.364367	70.97858599
21.91	43.96	61.78726925	6.848057471	7.179292029	123.8314605	47.57196445
96.98	20.96	47.2436829	22.76484032	22.76484032	101.5596813	1.12856094
260.17	-17.67	119.5527277	76.52272387	367.5935858	1114.696229	94.79916091
77.49	64.9	33.29314579	7.50386169	13.99915278	89.05340411	13.95406736
190.37	-27.4	28.53106223	10.28440971	21.02568671	70.05211232	6.164138807
289.95	64.36	74.60990906	9.833924992	12.83367052	178.4732935	50.14152502
61.31	17.45	94.63321406	31.96122455	31.97269328	154.088325	7.389374888
111.44	27.07	148.7288829	19.34897173	2103.180552	5395.081004	94.76649636
92.14	-25.34	37.18057911	13.34562398	9.572399964	67.21234215	14.01027678
143.79	15.89	49.03860307	16.20836087	16.20836087	97.13907167	10.48150069
338.18	-26.71	51.98264909	12.78493372	16.56472935	85.79260713	9.035509145
271.64	-57.95	1748.831428	1372.433399	4552.678628	14568.1391	1667.709508
12.84	-78.04	36.82194534	17.857543	46.29156255	215.704649	29.01420763
46.2	-61.33	24.61528204	10.50069392	14.24449497	54.60160904	2.121286295
115.04	46.86	25.9487967	9.582179565	41.81457131	157.2057923	4.805759579
91.49	47.95	58.72863155	18.31257635	17.93779278	99.64014559	4.066439782
179.83	65.03	35.45380932	4.654173466	4.631487845	61.3348852	9.914876829
63.6	38.86	59.22654794	7.357302091	34.80032028	163.3373981	20.2771316
#35.97	-29.86	103.5270508	20.84392116	20.55450631	204.8517889	53.07957994
35.97	-29.86	71.08373541	14.51195535	21.37540132	142.06		20.63626459
11.21	54.63	642.8203391	459.4542836	3147.64713	8954.71928	601.8410914
287.46	22.95	54.24912239	12.14370291	11.98771686	87.52228513	14.33991357
297.48	57.4	93.64464906	63.15248336	353.1756196	1272.356187	84.94376675
31.96	70.5	12.04839681	7.432596628	7.432596628	31.71729036	2.672744567
83.1	-45.47	46.72928673	23.07633821	7.642847309	117.3089767	38.90381027
223.36	68.21	17.41668652	12.76210879	45.48219935	130.3811662	4.407607401
267.55	74.32	633.1942349	479.5593378	2594.245591	7574.038179	586.358956
257.96	-28.57	121.1464041	13.22400416	12.30932151	251.2032768	101.1464041
350.37	-32.6	194.759621	21.75983611	251.380101	962.9194244	153.2615665
17.73	-52.25	68.09021991	15.87216189	15.74182213	178.6677873	47.29863705
94.002545	27.416978	486.8530798	338.3748344	5414.127927	14216.96426	468.2621959
