20170107.0 0.9495076331059649
20170416.0 0.8065851884562867
20170428.0 0.9967272804184072
20170712.0 0.8620568437356246
20170707.0 0.9672942924618126
20170906.0 0.8997946149062184
20171003.0 0.8023479222965371
20171004.0 0.9253475485054687
20171019.0 0.7630445701680714
20171020.0 0.4736626120079286
20171116.0 0.7982014651783024
20171213.0 0.6092789132757906
20171216.0 0.6351506006418929
20180110.0 0.706014957103128
20180119.0 0.8460346578986082
20180128.0 0.9540866797208655
20180128.0 0.7443499804538325
20180130.0 0.7619549577301109
20180131.0 0.749885040057768
20180212.0 0.749885040057768
20180315.0 0.7454593282568399
20180324.0 0.6316267515934872
20180417.0 0.6737262995448366
20180430.0 0.7487803841690103
20180515.0 0.9336213933974347
20180525.0 0.6128095983569383
20180924.0 0.9020445412853781
20181112.0 0.8325403717943239
20190102.0 0.909540678104508
20190608.0 0.7890440574376807
20190611.0 0.6581578264397666
20190711.0 0.9887794322805494
20190714.0 0.6843661312652278
20191001.0 0.7283428568433659
20191228.0 0.6524293613926698
20200430.0 0.8281351538685899
20200627.0 0.8962443727128535
20200906.0 0.7621944071094687
20210117.0 0.85713406712891
20210214.0 0.702418138716084
20210320.0 0.3336447617441035
20210407.0 0.780733812012832
20210807.0 0.7093453372193912
20210809.0 0.9663702497438525
20210912.0 0.6650190534831782
20211127.0 0.9542149968098768
20211203.0 0.9583053823038917
20211212.0 0.16926287077269583
20220105.0 0.5571554862748298
20220501.0 0.8008961148072369
20220531.0 0.32355074392623423
20220610.0 0.9904112100254796
20220725.0 0.21584469794607605
20220918.0 0.6854992554893625
20221106.0 0.6784531085713513
20230521.0 0.883085030874285
20230526.0 0.7670372255224207
20230708.0 0.6642948874899768
20230718.0 0.8338611462333758
20230731.0 0.6248323834234126
20230902.0 0.7357321651996569
20231006.0 0.7883727571520244
20231226.0 0.6341966084221008
