 GW190701  78.2557735456871 108.2557735456871  0.0 
 GW190630  51.945106113568784 81.94510611356878   0.0 
 GW190620  164.50702182158008 194.50702182158008  0.3659117906303891 
 GW190602  11.151964932546065 41.151964932546065 0.0 
 GW190527  235.25281825499684 265.25281825499684  0.0 
 GW190521b  205.0379458883232 235.0379458883232  0.0 
 GW190521  134.4698425622156 164.4698425622156  0.0
 GW190519  321.3265972047807 351.3265972047807  0.06801526606329737  
 GW190517  172.7775768622923 202.7775768622923  0.0
 GW190514  185.67650440818483 215.67650440818483  0.4915633766133279 
 GW190513  35.31596570497945 65.31596570497945  0.1722418660335553 
 GW190512  -7.594133581425712 22.405866418574288   0.0
 GW190503  -4.725062810443777 25.274937189556223  0.0  
 GW190426  295.1928520902565 325.1928520902565  0.4044897949345734
 GW190425  187.95750466893858 217.95750466893858  0.32080070691573065 
 GW190424  -25.445602443781773 4.554397556218228  0.9105970173760621 
 GW190421  24.77679128134813 54.77679128134813  0.0  
 GW190413b  257.61779454284414 287.61779454284414  0.09127130767803056 
 GW190413  133.97101600614906 163.97101600614906  0.2712540622048728 
 GW190412  133.19300619710552 163.19300619710552  0.0 
 GW190408  321.60100673101863 351.60100673101863  0.04849747887959421
