BW    288 #MHz
FRES  1 #MHz
NFRB 1 #Number of FRBs
DIAM 12
NBEAMS 36
BEAM lat50_log #prefix of beam file
FBAR 1320
TRES  1.7 #ms
SNRTHRESH 9.5
NFRB 1000
NORM_FRB 1000
TOBS 966.5 # days of 100% efficient operation
THRESH 0.99 #Jy ms to 1 ms burst [ 22 Jy ms / 24 antennas *sqrt{336/288} bandwidth factor]
KEY ID 	DM    	DMG     DMEG	Z	SNR	WIDTH
# fake data from MC simulations
FRB 0   472.4  35    387.4  0.371    21.7    5.0
FRB 1   472.5  35    387.5  0.302    16.3    2.0
FRB 2   714.5  35    629.5  0.512    21.3    2.0
FRB 3   727.3  35    642.3  0.359    28.8    2.0
FRB 4   805.4  35    720.4  0.390    42.0    1.0
FRB 5   344.0  35    259.0  0.210    30.3    3.0
FRB 6   630.7  35    545.7  0.412    15.0    1.0
FRB 7   708.7  35    623.7  0.940    68.8    2.0
FRB 8   488.4  35    403.4  0.425    11.2    3.0
FRB 9  1082.5  35    997.5  1.119    23.5    3.0
FRB 10   533.2  35    448.2  0.523    13.5    2.0
FRB 11   667.8  35    582.8  0.317    71.7    2.0
FRB 12   501.2  35    416.2  0.588     9.7    2.0
FRB 13   550.3  35    465.3  0.700    41.7    3.0
FRB 14   437.8  35    352.8  0.484    16.3    3.0
FRB 15   439.5  35    354.5  0.492    15.5    3.0
FRB 16  1309.4  35   1224.4  1.708    14.1    2.0
FRB 17   472.9  35    387.9  0.064   182.7    4.0
FRB 18   366.1  35    281.1  0.445    12.2    3.0
FRB 19   179.6  35     94.6  0.129    41.7    3.0
FRB 20  1177.6  35   1092.6  0.124    30.4    3.0
FRB 21   264.6  35    179.6  0.218    10.1    1.0
FRB 22   616.7  35    531.7  0.732    23.2    1.0
FRB 23   237.1  35    152.1  0.166    21.3    1.0
FRB 24   754.4  35    669.4  0.624    25.8    2.0
FRB 25   969.4  35    884.4  1.243    11.2    2.0
FRB 26   558.2  35    473.2  0.407    10.1    3.0
FRB 27   494.2  35    409.2  0.145    17.1    4.0
FRB 28   358.8  35    273.8  0.355    18.1    3.0
FRB 29   254.3  35    169.3  0.040    12.8    3.0
FRB 30   218.0  35    133.0  0.162    11.9    3.0
FRB 31   500.4  35    415.4  0.319     9.5    2.0
FRB 32   185.3  35    100.3  0.105    84.6    4.0
FRB 33  1429.2  35   1344.2  1.567    14.3    2.0
FRB 34   386.4  35    301.4  0.176    13.8    3.0
FRB 35   213.5  35    128.5  0.188    16.1    1.0
FRB 36   355.8  35    270.8  0.137    11.0    4.0
FRB 37   169.6  35     84.6  0.037    10.1    3.0
FRB 38   652.1  35    567.1  0.876    12.3    3.0
FRB 39   618.8  35    533.8  0.712    16.5    2.0
FRB 40   373.3  35    288.3  0.180    11.5    3.0
FRB 41   976.4  35    891.4  1.448     9.6    3.0
FRB 42   607.6  35    522.6  0.777    10.0    3.0
FRB 43  1024.6  35    939.6  0.900    14.4    2.0
FRB 44   610.5  35    525.5  0.585    44.6    4.0
FRB 45   590.0  35    505.0  0.212    30.9    1.0
FRB 46   376.2  35    291.2  0.231    21.3    4.0
FRB 47  1325.3  35   1240.3  0.750    16.5    2.0
FRB 48   321.0  35    236.0  0.118    13.8    2.0
FRB 49   673.0  35    588.0  0.697    21.6    2.0
FRB 50   770.8  35    685.8  0.422    15.4    4.0
FRB 51   466.5  35    381.5  0.101    50.2    2.0
FRB 52   767.6  35    682.6  1.024    10.4    3.0
FRB 53   528.4  35    443.4  0.017    15.1    2.0
FRB 54   339.6  35    254.6  0.285    52.3    2.0
FRB 55   754.4  35    669.4  0.493    15.2    2.0
FRB 56   472.0  35    387.0  0.374    13.1    3.0
FRB 57   640.9  35    555.9  0.749    11.1    4.0
FRB 58   369.1  35    284.1  0.451     9.7    2.0
FRB 59   507.5  35    422.5  0.274    34.5    4.0
FRB 60  1131.9  35   1046.9  1.315     9.8    2.0
FRB 61   581.2  35    496.2  0.361    31.8    3.0
FRB 62   537.8  35    452.8  0.706     9.6    2.0
FRB 63   261.6  35    176.6  0.015    11.2    0.0
FRB 64   569.7  35    484.7  0.026   504.5    2.0
FRB 65  1356.9  35   1271.9  0.364    19.7    1.0
FRB 66   718.2  35    633.2  0.493    11.5    3.0
FRB 67   860.9  35    775.9  1.315    33.9    2.0
FRB 68   394.1  35    309.1  0.560    15.2    2.0
FRB 69   394.0  35    309.0  0.335    16.1    3.0
FRB 70   181.0  35     96.0  0.005    35.1    4.0
FRB 71   368.0  35    283.0  0.287    15.1    2.0
FRB 72   710.4  35    625.4  0.786    30.3    2.0
FRB 73   238.7  35    153.7  0.223     9.9    1.0
FRB 74   930.0  35    845.0  1.097    21.8    1.0
FRB 75   345.8  35    260.8  0.312    65.1    0.0
FRB 76   615.2  35    530.2  0.355    26.5    2.0
FRB 77   894.2  35    809.2  0.819    14.2    0.0
FRB 78   170.0  35     85.0  0.032    75.1    2.0
FRB 79   723.6  35    638.6  0.968    21.3    2.0
FRB 80   363.1  35    278.1  0.415    70.8    3.0
FRB 81   557.9  35    472.9  0.178    13.4    2.0
FRB 82   733.9  35    648.9  0.812     9.6    0.0
FRB 83   662.5  35    577.5  0.923    12.2    2.0
FRB 84   771.7  35    686.7  0.720    10.7    3.0
FRB 85   635.0  35    550.0  0.365    21.8    3.0
FRB 86   188.4  35    103.4  0.072    19.5    0.0
FRB 87   203.1  35    118.1  0.004    12.8    3.0
FRB 88   744.7  35    659.7  0.924     9.9    3.0
FRB 89   235.2  35    150.2  0.049    18.7    2.0
FRB 90   630.4  35    545.4  0.394    12.9    1.0
FRB 91  1196.2  35   1111.2  1.008    12.5    2.0
FRB 92   212.5  35    127.5  0.055     9.8    0.0
FRB 93   638.7  35    553.7  0.412    17.2    0.0
FRB 94   613.3  35    528.3  0.097    19.8    3.0
FRB 95   254.1  35    169.1  0.138    10.4    3.0
FRB 96   148.2  35     63.2  0.051     9.8    1.0
FRB 97   602.0  35    517.0  0.500    10.4    3.0
FRB 98   384.1  35    299.1  0.298    19.5    2.0
FRB 99   903.7  35    818.7  0.263     9.8    3.0
FRB 100   613.7  35    528.7  0.737    10.3    3.0
FRB 101   720.1  35    635.1  0.736    38.4    2.0
FRB 102   411.2  35    326.2  0.368    15.9    2.0
FRB 103   244.9  35    159.9  0.133    11.7    1.0
FRB 104   659.5  35    574.5  0.973    17.0    2.0
FRB 105   484.8  35    399.8  0.258   182.5    3.0
FRB 106   678.5  35    593.5  0.449    14.7    2.0
FRB 107   451.2  35    366.2  0.328    16.9    3.0
FRB 108   359.0  35    274.0  0.196    10.3    2.0
FRB 109   637.0  35    552.0  0.610    11.7    3.0
FRB 110   227.3  35    142.3  0.078   148.3    1.0
FRB 111  1045.0  35    960.0  0.181    13.3    2.0
FRB 112   482.7  35    397.7  0.093    47.3    3.0
FRB 113   769.2  35    684.2  0.064    10.0    2.0
FRB 114   187.6  35    102.6  0.204    17.1    2.0
FRB 115   162.5  35     77.5  0.024    20.9    3.0
FRB 116   654.0  35    569.0  0.007    18.3    2.0
FRB 117   601.5  35    516.5  0.205    17.4    3.0
FRB 118   798.9  35    713.9  1.019    12.0    3.0
FRB 119   433.2  35    348.2  0.216    11.1    1.0
FRB 120   903.0  35    818.0  0.391    17.9    3.0
FRB 121   527.4  35    442.4  0.322    39.8    2.0
FRB 122   710.2  35    625.2  0.659    18.1    2.0
FRB 123   647.5  35    562.5  0.741    13.2    2.0
FRB 124   707.7  35    622.7  0.632    10.1    4.0
FRB 125  1807.6  35   1722.6  0.362    28.0    3.0
FRB 126   630.2  35    545.2  0.634    14.7    2.0
FRB 127   349.8  35    264.8  0.368    24.9    4.0
FRB 128   343.0  35    258.0  0.173    11.1    4.0
FRB 129   340.7  35    255.7  0.056    41.1    3.0
FRB 130  1054.4  35    969.4  0.471    59.9    1.0
FRB 131   797.7  35    712.7  0.711    10.2    4.0
FRB 132   489.5  35    404.5  0.513    11.9    1.0
FRB 133  1111.7  35   1026.7  1.412    10.5    3.0
FRB 134   586.8  35    501.8  0.271    18.2    3.0
FRB 135   278.0  35    193.0  0.159    10.8    3.0
FRB 136   278.2  35    193.2  0.041    10.0    2.0
FRB 137   500.7  35    415.7  0.622    27.2    3.0
FRB 138   447.2  35    362.2  0.482     9.8    1.0
FRB 139   338.8  35    253.8  0.302    95.4    3.0
FRB 140  1241.4  35   1156.4  1.359    15.6    1.0
FRB 141   638.4  35    553.4  0.538    11.4    3.0
FRB 142   400.9  35    315.9  0.277    42.4    3.0
FRB 143  1256.4  35   1171.4  0.238    24.6    4.0
FRB 144   455.2  35    370.2  0.377    24.2    2.0
FRB 145   485.7  35    400.7  0.337    85.7    3.0
FRB 146   421.8  35    336.8  0.477    75.1    2.0
FRB 147   277.8  35    192.8  0.250    22.0    3.0
FRB 148   368.3  35    283.3  0.116     9.7    5.0
FRB 149   212.3  35    127.3  0.126    34.5    0.0
FRB 150   791.2  35    706.2  0.412    13.6    3.0
FRB 151   325.2  35    240.2  0.082    10.6    3.0
FRB 152   746.4  35    661.4  0.403    10.2    3.0
FRB 153   486.0  35    401.0  0.557    14.3    2.0
FRB 154   168.9  35     83.9  0.146    15.0    1.0
FRB 155   353.2  35    268.2  0.199    15.8    3.0
FRB 156   729.6  35    644.6  0.783    12.7    2.0
FRB 157  1014.7  35    929.7  1.448    10.0    3.0
FRB 158   288.8  35    203.8  0.149    16.5    1.0
FRB 159   482.5  35    397.5  0.321    30.0    2.0
FRB 160   352.0  35    267.0  0.337    26.6    2.0
FRB 161   626.9  35    541.9  0.691    22.2    3.0
FRB 162   243.5  35    158.5  0.089    24.0    1.0
FRB 163   613.7  35    528.7  0.901    16.7    0.0
FRB 164   292.7  35    207.7  0.223    11.1    4.0
FRB 165   301.2  35    216.2  0.021    13.1    5.0
FRB 166   462.0  35    377.0  0.286    46.4    4.0
FRB 167   560.0  35    475.0  0.254    12.3    2.0
FRB 168   331.4  35    246.4  0.093    32.7    2.0
FRB 169  1132.7  35   1047.7  0.793    10.3    3.0
FRB 170   557.7  35    472.7  0.552    23.6    2.0
FRB 171   821.5  35    736.5  0.034    14.4    3.0
FRB 172   241.6  35    156.6  0.111    11.6    3.0
FRB 173   484.7  35    399.7  0.250    24.8    1.0
FRB 174  1078.5  35    993.5  1.373    14.1    2.0
FRB 175   120.3  35     35.3  0.007    15.4    4.0
FRB 176   670.0  35    585.0  0.970    17.9    3.0
FRB 177   269.0  35    184.0  0.159    14.4    3.0
FRB 178   340.5  35    255.5  0.187    13.6    3.0
FRB 179   324.3  35    239.3  0.228    14.8    4.0
FRB 180   509.9  35    424.9  0.406    19.0    5.0
FRB 181   322.7  35    237.7  0.092    14.4    3.0
FRB 182   630.4  35    545.4  0.715    46.7    3.0
FRB 183   323.4  35    238.4  0.294    21.8    2.0
FRB 184   445.0  35    360.0  0.379    13.6    0.0
FRB 185   362.1  35    277.1  0.126    23.8    2.0
FRB 186   852.4  35    767.4  1.090    10.3    3.0
FRB 187   593.4  35    508.4  0.627    17.5    3.0
FRB 188   347.5  35    262.5  0.312    33.4    2.0
FRB 189   514.8  35    429.8  0.468     9.6    1.0
FRB 190  1147.6  35   1062.6  1.166    17.1    2.0
FRB 191   841.2  35    756.2  0.733     9.9    0.0
FRB 192   305.3  35    220.3  0.411    46.2    1.0
FRB 193   186.1  35    101.1  0.141     9.9    1.0
FRB 194   291.2  35    206.2  0.099    30.4    1.0
FRB 195   232.7  35    147.7  0.040    14.2    2.0
FRB 196  1041.8  35    956.8  1.427    12.3    1.0
FRB 197   809.6  35    724.6  0.844    13.3    4.0
FRB 198   798.0  35    713.0  0.806    10.7    2.0
FRB 199   628.8  35    543.8  0.850    12.1    2.0
FRB 200   755.3  35    670.3  0.833    15.9    0.0
FRB 201   426.1  35    341.1  0.312    18.3    2.0
FRB 202   895.2  35    810.2  0.844    26.0    2.0
FRB 203   343.9  35    258.9  0.153    20.9    1.0
FRB 204   716.0  35    631.0  0.124    37.0    1.0
FRB 205   543.9  35    458.9  0.554    38.3    3.0
FRB 206   723.2  35    638.2  0.790    14.3    3.0
FRB 207   362.3  35    277.3  0.216    50.1    4.0
FRB 208   207.8  35    122.8  0.039     9.5    3.0
FRB 209  1729.5  35   1644.5  0.285    12.9    3.0
FRB 210   431.7  35    346.7  0.489    19.3    1.0
FRB 211   850.0  35    765.0  0.816    11.7    3.0
FRB 212   376.2  35    291.2  0.104    21.7    3.0
FRB 213   691.3  35    606.3  0.822    19.4    3.0
FRB 214   381.9  35    296.9  0.249     9.8    2.0
FRB 215   673.6  35    588.6  0.842    21.1    4.0
FRB 216   186.2  35    101.2  0.037    70.5    4.0
FRB 217   521.0  35    436.0  0.391    64.6    3.0
FRB 218   313.5  35    228.5  0.174    24.0    3.0
FRB 219   558.1  35    473.1  0.564    14.7    0.0
FRB 220   703.5  35    618.5  0.155    15.9    2.0
FRB 221   448.0  35    363.0  0.315    17.9    4.0
FRB 222   814.4  35    729.4  0.877     9.8    3.0
FRB 223   459.1  35    374.1  0.110     9.7    4.0
FRB 224   581.3  35    496.3  0.384    22.6    2.0
FRB 225   586.9  35    501.9  0.320     9.6    0.0
FRB 226   155.0  35     70.0  0.062    42.5    2.0
FRB 227   662.5  35    577.5  0.765    26.4    2.0
FRB 228   373.3  35    288.3  0.249    26.7    5.0
FRB 229  1871.6  35   1786.6  0.416   107.5    3.0
FRB 230   517.6  35    432.6  0.344    11.8    3.0
FRB 231  1151.4  35   1066.4  0.636    32.3    3.0
FRB 232   815.0  35    730.0  0.788    12.8    2.0
FRB 233   502.8  35    417.8  0.507    10.9    2.0
FRB 234   571.0  35    486.0  0.298    11.6    2.0
FRB 235   430.5  35    345.5  0.216    11.4    3.0
FRB 236   895.5  35    810.5  0.223    16.4    3.0
FRB 237  1142.1  35   1057.1  0.966    10.2    1.0
FRB 238   393.6  35    308.6  0.381    40.3    3.0
FRB 239   283.8  35    198.8  0.364    10.4    2.0
FRB 240   365.8  35    280.8  0.232    11.0    2.0
FRB 241   946.2  35    861.2  0.881    10.1    3.0
FRB 242   534.8  35    449.8  0.491    23.2    3.0
FRB 243   488.5  35    403.5  0.291    14.5    3.0
FRB 244   595.6  35    510.6  0.267    15.1    1.0
FRB 245   529.6  35    444.6  0.688    15.2    4.0
FRB 246   685.2  35    600.2  0.431   117.6    1.0
FRB 247   356.0  35    271.0  0.239    31.9    4.0
FRB 248   718.0  35    633.0  0.001    13.7    5.0
FRB 249   150.8  35     65.8  0.008    15.5    3.0
FRB 250   478.9  35    393.9  0.508    24.5    1.0
FRB 251   285.1  35    200.1  0.128    24.6    2.0
FRB 252   184.6  35     99.6  0.053    13.0    3.0
FRB 253   635.7  35    550.7  0.258    19.6    2.0
FRB 254   346.1  35    261.1  0.426    38.2    3.0
FRB 255   347.1  35    262.1  0.432    10.3    2.0
FRB 256   148.5  35     63.5  0.030    13.9    1.0
FRB 257   202.9  35    117.9  0.136    21.0    1.0
FRB 258   527.6  35    442.6  0.493    17.5    2.0
FRB 259   559.0  35    474.0  0.492    23.3    4.0
FRB 260   675.1  35    590.1  0.167    18.9    3.0
FRB 261   601.8  35    516.8  0.127    23.2    2.0
FRB 262   223.7  35    138.7  0.076    10.1    2.0
FRB 263   292.5  35    207.5  0.074    15.1    3.0
FRB 264   956.5  35    871.5  0.802    16.6    2.0
FRB 265   218.1  35    133.1  0.010    11.6    1.0
FRB 266   488.9  35    403.9  0.703    11.6    2.0
FRB 267   543.0  35    458.0  0.511    36.5    3.0
FRB 268  1202.6  35   1117.6  0.251    14.7    2.0
FRB 269   614.2  35    529.2  0.286    25.4    3.0
FRB 270   683.1  35    598.1  1.092    70.8    1.0
FRB 271   318.7  35    233.7  0.348    17.2    2.0
FRB 272  1454.1  35   1369.1  0.437    14.0    1.0
FRB 273   813.0  35    728.0  0.912    14.4    1.0
FRB 274   882.9  35    797.9  1.020    14.1    3.0
FRB 275   275.0  35    190.0  0.032    75.0    3.0
FRB 276   398.2  35    313.2  0.357    16.9    0.0
FRB 277   454.3  35    369.3  0.590    14.6    4.0
FRB 278  1335.0  35   1250.0  1.053    12.2    2.0
FRB 279   849.3  35    764.3  1.011     9.9    1.0
FRB 280   723.3  35    638.3  0.455    14.9    5.0
FRB 281   302.2  35    217.2  0.073    10.3    2.0
FRB 282   717.5  35    632.5  0.712    33.9    2.0
FRB 283   860.3  35    775.3  0.734    12.8    2.0
FRB 284   484.4  35    399.4  0.568    17.4    2.0
FRB 285  1519.6  35   1434.6  1.541     9.5    1.0
FRB 286   605.1  35    520.1  0.651    14.6    3.0
FRB 287   481.6  35    396.6  0.631    11.9    2.0
FRB 288   514.4  35    429.4  0.340    13.3    3.0
FRB 289   609.2  35    524.2  0.551    10.9    2.0
FRB 290   796.6  35    711.6  1.025    12.8    2.0
FRB 291   272.2  35    187.2  0.221    10.5    0.0
FRB 292   560.2  35    475.2  0.283    30.9    1.0
FRB 293   637.6  35    552.6  0.834    15.4    2.0
FRB 294   752.0  35    667.0  0.342    42.4    3.0
FRB 295   771.7  35    686.7  0.344    46.6    2.0
FRB 296   281.3  35    196.3  0.095    10.5    0.0
FRB 297  1296.4  35   1211.4  0.042    16.8    4.0
FRB 298   155.0  35     70.0  0.049    10.3    4.0
FRB 299   327.8  35    242.8  0.092    17.4    3.0
FRB 300   649.9  35    564.9  0.240    10.0    4.0
FRB 301   613.8  35    528.8  0.637    13.9    3.0
FRB 302  1627.3  35   1542.3  0.338    26.4    3.0
FRB 303   234.4  35    149.4  0.059    78.6    3.0
FRB 304   850.5  35    765.5  0.983    14.4    3.0
FRB 305   318.9  35    233.9  0.189    19.2    3.0
FRB 306   340.2  35    255.2  0.265    33.4    2.0
FRB 307   649.7  35    564.7  0.463     9.9    2.0
FRB 308   504.2  35    419.2  0.551    20.2    3.0
FRB 309  1114.2  35   1029.2  0.371    15.4    0.0
FRB 310   489.1  35    404.1  0.475    10.5    2.0
FRB 311   783.1  35    698.1  1.022    13.9    2.0
FRB 312   612.3  35    527.3  0.394    19.2    1.0
FRB 313   584.5  35    499.5  0.719    12.3    2.0
FRB 314   962.6  35    877.6  1.356    11.9    1.0
FRB 315   397.9  35    312.9  0.171    78.7    3.0
FRB 316   314.1  35    229.1  0.394    12.2    2.0
FRB 317   187.0  35    102.0  0.101    87.0    2.0
FRB 318   273.4  35    188.4  0.110    14.4    3.0
FRB 319   635.9  35    550.9  0.600    10.9    3.0
FRB 320  1197.9  35   1112.9  1.120    11.8    3.0
FRB 321   245.3  35    160.3  0.186    18.5    1.0
FRB 322   602.3  35    517.3  0.512    11.5    2.0
FRB 323   643.4  35    558.4  0.916    10.4    4.0
FRB 324   443.2  35    358.2  0.482    23.0    2.0
FRB 325  1409.1  35   1324.1  0.827    10.0    1.0
FRB 326   583.6  35    498.6  0.564    15.9    3.0
FRB 327   352.2  35    267.2  0.372    27.8    4.0
FRB 328   885.6  35    800.6  0.528    11.1    2.0
FRB 329   243.6  35    158.6  0.011    40.2    2.0
FRB 330   459.8  35    374.8  0.211    10.6    2.0
FRB 331   193.6  35    108.6  0.003    10.1    0.0
FRB 332   356.9  35    271.9  0.501    16.8    2.0
FRB 333  1049.9  35    964.9  0.133    11.8    4.0
FRB 334   780.9  35    695.9  0.857    11.3    3.0
FRB 335   272.4  35    187.4  0.275    10.0    1.0
FRB 336   686.9  35    601.9  0.760    17.2    2.0
FRB 337   813.7  35    728.7  0.428    14.7    3.0
FRB 338   351.0  35    266.0  0.029    12.5    3.0
FRB 339   232.8  35    147.8  0.088    17.9    1.0
FRB 340   490.1  35    405.1  0.441    14.9    2.0
FRB 341   314.8  35    229.8  0.316    10.2    1.0
FRB 342   149.4  35     64.4  0.027    10.7    2.0
FRB 343   705.0  35    620.0  0.175    10.0    2.0
FRB 344   703.9  35    618.9  0.186    18.0    3.0
FRB 345   259.9  35    174.9  0.230    33.0    2.0
FRB 346   455.3  35    370.3  0.643    12.5    2.0
FRB 347   299.6  35    214.6  0.111    10.1    3.0
FRB 348   307.5  35    222.5  0.132     9.8    3.0
FRB 349  1513.3  35   1428.3  0.060    13.5    1.0
FRB 350   938.5  35    853.5  0.078     9.5    2.0
FRB 351   653.9  35    568.9  0.772    13.6    2.0
FRB 352   548.0  35    463.0  0.582    12.9    3.0
FRB 353   318.8  35    233.8  0.109    26.1    2.0
FRB 354   882.4  35    797.4  1.137     9.8    1.0
FRB 355  1531.6  35   1446.6  0.710    10.3    2.0
FRB 356   477.4  35    392.4  0.544    10.2    0.0
FRB 357   568.3  35    483.3  0.614    10.6    2.0
FRB 358   536.4  35    451.4  0.068    11.6    2.0
FRB 359  1186.8  35   1101.8  0.066    18.4    2.0
FRB 360   180.3  35     95.3  0.092    94.4    3.0
FRB 361   645.2  35    560.2  0.062    76.7    2.0
FRB 362   320.9  35    235.9  0.255    53.9    2.0
FRB 363   392.1  35    307.1  0.502     9.6    2.0
FRB 364   455.0  35    370.0  0.440    10.2    2.0
FRB 365   262.0  35    177.0  0.225    32.5    3.0
FRB 366   443.7  35    358.7  0.067    15.0    3.0
FRB 367   506.8  35    421.8  0.493    20.2    3.0
FRB 368   555.2  35    470.2  0.377    15.1    3.0
FRB 369   696.7  35    611.7  0.761    21.6    2.0
FRB 370   296.0  35    211.0  0.108    12.3    1.0
FRB 371  1061.4  35    976.4  1.246    14.2    2.0
FRB 372   967.9  35    882.9  0.218    89.7    2.0
FRB 373   307.4  35    222.4  0.313    14.8    2.0
FRB 374   421.4  35    336.4  0.355    10.4    2.0
FRB 375   591.5  35    506.5  0.408    16.3    4.0
FRB 376   211.0  35    126.0  0.060    22.3    1.0
FRB 377   284.9  35    199.9  0.294    34.8    0.0
FRB 378   681.7  35    596.7  0.074    52.9    2.0
FRB 379   568.1  35    483.1  0.733    24.4    3.0
FRB 380   596.3  35    511.3  0.524     9.8    1.0
FRB 381   642.8  35    557.8  0.982    17.9    1.0
FRB 382   249.7  35    164.7  0.281     9.8    2.0
FRB 383   675.5  35    590.5  0.722     9.6    2.0
FRB 384   598.0  35    513.0  0.752    10.7    1.0
FRB 385   392.5  35    307.5  0.085    28.5    3.0
FRB 386   819.7  35    734.7  1.297    11.4    3.0
FRB 387   676.5  35    591.5  0.294    10.9    3.0
FRB 388   848.6  35    763.6  0.089    45.0    4.0
FRB 389   203.9  35    118.9  0.097    45.7    0.0
FRB 390   276.2  35    191.2  0.237    20.6    2.0
FRB 391   663.9  35    578.9  0.075   108.4    2.0
FRB 392   204.8  35    119.8  0.018    15.1    1.0
FRB 393   709.5  35    624.5  0.629    18.6    3.0
FRB 394   205.5  35    120.5  0.076    74.1    2.0
FRB 395   326.6  35    241.6  0.234    11.1    2.0
FRB 396   350.3  35    265.3  0.005    48.2    3.0
FRB 397   233.0  35    148.0  0.015    11.7    2.0
FRB 398   421.0  35    336.0  0.146     9.9    0.0
FRB 399  1356.4  35   1271.4  0.494    10.0    4.0
FRB 400   671.7  35    586.7  0.304    18.2    2.0
FRB 401   296.5  35    211.5  0.144    11.1    4.0
FRB 402   334.2  35    249.2  0.384    46.7    3.0
FRB 403   178.8  35     93.8  0.013    12.3    1.0
FRB 404   355.6  35    270.6  0.064    19.8    3.0
FRB 405   337.5  35    252.5  0.089    12.1    3.0
FRB 406   401.6  35    316.6  0.380    10.8    2.0
FRB 407   476.4  35    391.4  0.222    11.9    3.0
FRB 408   366.5  35    281.5  0.108    25.1    2.0
FRB 409   342.7  35    257.7  0.118    23.7    2.0
FRB 410   357.9  35    272.9  0.117    26.7    2.0
FRB 411  1032.6  35    947.6  1.250    21.3    0.0
FRB 412   288.9  35    203.9  0.310    18.4    2.0
FRB 413   671.7  35    586.7  0.626    15.5    3.0
FRB 414   425.7  35    340.7  0.233    13.7    2.0
FRB 415   458.7  35    373.7  0.063    17.5    3.0
FRB 416   666.4  35    581.4  0.469    10.1    4.0
FRB 417   393.1  35    308.1  0.319    14.6    2.0
FRB 418   606.1  35    521.1  0.368    10.8    3.0
FRB 419   527.7  35    442.7  0.697     9.8    1.0
FRB 420   380.6  35    295.6  0.394    35.4    2.0
FRB 421   499.4  35    414.4  0.418    11.0    2.0
FRB 422   234.3  35    149.3  0.260    19.3    2.0
FRB 423   564.9  35    479.9  0.556    11.6    0.0
FRB 424   230.9  35    145.9  0.175    24.9    2.0
FRB 425   339.3  35    254.3  0.392    20.2    4.0
FRB 426   319.4  35    234.4  0.129    15.3    1.0
FRB 427   625.3  35    540.3  0.776    12.3    2.0
FRB 428   594.0  35    509.0  0.382    15.8    3.0
FRB 429   179.9  35     94.9  0.016    16.2    3.0
FRB 430   510.5  35    425.5  0.344    10.1    2.0
FRB 431   427.6  35    342.6  0.543    11.8    1.0
FRB 432   754.6  35    669.6  0.694     9.6    2.0
FRB 433   278.8  35    193.8  0.100    68.3    3.0
FRB 434   291.7  35    206.7  0.149    51.0    3.0
FRB 435  1086.2  35   1001.2  1.275    11.4    1.0
FRB 436   426.2  35    341.2  0.410    81.9    2.0
FRB 437  1167.8  35   1082.8  1.200    10.0    2.0
FRB 438   644.3  35    559.3  0.610    37.3    3.0
FRB 439   658.6  35    573.6  0.720    10.2    3.0
FRB 440   303.2  35    218.2  0.351    10.4    2.0
FRB 441  1008.2  35    923.2  1.271    11.4    3.0
FRB 442   316.1  35    231.1  0.336    42.6    1.0
FRB 443   521.1  35    436.1  0.420    21.1    1.0
FRB 444   912.2  35    827.2  1.132    19.5    2.0
FRB 445   289.4  35    204.4  0.260    10.8    2.0
FRB 446  1460.7  35   1375.7  1.399    10.3    3.0
FRB 447   572.1  35    487.1  0.152    38.2    2.0
FRB 448   780.5  35    695.5  0.464    14.0    2.0
FRB 449   803.8  35    718.8  0.859    14.8    0.0
FRB 450   827.9  35    742.9  0.860    12.5    1.0
FRB 451   299.2  35    214.2  0.133    32.3    0.0
FRB 452   791.0  35    706.0  0.887    41.6    3.0
FRB 453   899.2  35    814.2  1.232    14.7    1.0
FRB 454   197.6  35    112.6  0.168    12.9    1.0
FRB 455   547.6  35    462.6  0.253    41.1    2.0
FRB 456   482.8  35    397.8  0.388    47.2    4.0
FRB 457   902.7  35    817.7  1.305    14.9    1.0
FRB 458   833.6  35    748.6  1.146    11.6    2.0
FRB 459  1211.1  35   1126.1  1.796    20.5    2.0
FRB 460   619.1  35    534.1  0.302    19.9    4.0
FRB 461   930.4  35    845.4  0.743    24.9    2.0
FRB 462   531.9  35    446.9  0.456    10.7    2.0
FRB 463   400.5  35    315.5  0.463    22.0    2.0
FRB 464   319.7  35    234.7  0.301    16.8    0.0
FRB 465   693.9  35    608.9  0.454    68.0    2.0
FRB 466   216.8  35    131.8  0.223   109.8    2.0
FRB 467   597.6  35    512.6  0.176    14.5    4.0
FRB 468  1007.0  35    922.0  1.158    11.4    1.0
FRB 469   961.5  35    876.5  0.076    28.5    3.0
FRB 470   912.7  35    827.7  1.157    12.5    2.0
FRB 471   468.6  35    383.6  0.044    29.5    3.0
FRB 472   240.5  35    155.5  0.307     9.8    1.0
FRB 473   425.9  35    340.9  0.558    16.1    2.0
FRB 474   206.8  35    121.8  0.044    15.0    4.0
FRB 475   321.8  35    236.8  0.030    23.8    3.0
FRB 476  1110.6  35   1025.6  0.697    50.8    3.0
FRB 477   525.4  35    440.4  0.373    18.2    2.0
FRB 478   868.1  35    783.1  1.023    15.0    1.0
FRB 479   525.2  35    440.2  0.110    45.7    2.0
FRB 480   632.5  35    547.5  0.462    12.3    2.0
FRB 481  1098.8  35   1013.8  0.096    10.6    2.0
FRB 482   619.8  35    534.8  0.643    14.2    2.0
FRB 483   267.0  35    182.0  0.245    31.0    2.0
FRB 484   993.6  35    908.6  1.208    18.0    2.0
FRB 485   513.3  35    428.3  0.158    34.7    0.0
FRB 486   373.4  35    288.4  0.131    37.2    3.0
FRB 487   165.8  35     80.8  0.044    38.9    1.0
FRB 488   161.4  35     76.4  0.004    11.6    1.0
FRB 489  1008.0  35    923.0  1.122     9.7    3.0
FRB 490   684.9  35    599.9  0.008    26.5    2.0
FRB 491   266.8  35    181.8  0.136    60.0    1.0
FRB 492   524.3  35    439.3  0.229    17.4    1.0
FRB 493   692.8  35    607.8  0.638    22.0    4.0
FRB 494   757.5  35    672.5  0.237    10.0    2.0
FRB 495   771.2  35    686.2  0.233    89.9    2.0
FRB 496   575.7  35    490.7  0.544    19.6    2.0
FRB 497   718.7  35    633.7  1.020    16.5    3.0
FRB 498   570.5  35    485.5  0.794    11.0    2.0
FRB 499   522.8  35    437.8  0.715    17.9    3.0
FRB 500   873.0  35    788.0  0.884    13.6    2.0
FRB 501  1463.7  35   1378.7  0.811    11.4    3.0
FRB 502   290.8  35    205.8  0.320    15.6    1.0
FRB 503   536.0  35    451.0  0.306    11.4    3.0
FRB 504   730.9  35    645.9  0.953    12.7    1.0
FRB 505   383.3  35    298.3  0.446    11.3    3.0
FRB 506   917.8  35    832.8  0.307    12.7    4.0
FRB 507   278.9  35    193.9  0.161    35.7    3.0
FRB 508   433.1  35    348.1  0.318    13.6    3.0
FRB 509   157.2  35     72.2  0.053    40.5    4.0
FRB 510   562.5  35    477.5  0.378    44.8    5.0
FRB 511   494.9  35    409.9  0.386    26.9    2.0
FRB 512   648.8  35    563.8  0.287    11.6    2.0
FRB 513   842.8  35    757.8  1.202    20.3    1.0
FRB 514  1410.5  35   1325.5  0.977    13.7    3.0
FRB 515   718.6  35    633.6  0.159    10.3    4.0
FRB 516   278.6  35    193.6  0.275    17.7    2.0
FRB 517   564.1  35    479.1  0.734    11.4    2.0
FRB 518   602.5  35    517.5  0.746    11.4    3.0
FRB 519   418.7  35    333.7  0.232    10.5    3.0
FRB 520   414.5  35    329.5  0.070    49.0    3.0
FRB 521   247.1  35    162.1  0.062    33.5    2.0
FRB 522   548.2  35    463.2  0.785    11.4    2.0
FRB 523   460.7  35    375.7  0.058    11.1    1.0
FRB 524   305.3  35    220.3  0.349    11.0    4.0
FRB 525   785.8  35    700.8  0.274    18.5    2.0
FRB 526   666.4  35    581.4  0.531    10.7    2.0
FRB 527   634.3  35    549.3  0.587     9.6    1.0
FRB 528   170.7  35     85.7  0.037    34.5    1.0
FRB 529   344.2  35    259.2  0.240    14.0    3.0
FRB 530   631.7  35    546.7  0.315    71.5    4.0
FRB 531   211.9  35    126.9  0.164    86.4    1.0
FRB 532   218.5  35    133.5  0.110    13.4    1.0
FRB 533   411.5  35    326.5  0.502    51.7    2.0
FRB 534   694.5  35    609.5  0.981    11.3    0.0
FRB 535   842.3  35    757.3  0.296    94.5    1.0
FRB 536   660.4  35    575.4  0.785    17.4    1.0
FRB 537   502.2  35    417.2  0.655    20.5    2.0
FRB 538   675.4  35    590.4  0.056    21.1    1.0
FRB 539  1015.8  35    930.8  1.432    12.7    2.0
FRB 540   563.9  35    478.9  0.533     9.7    3.0
FRB 541  1222.8  35   1137.8  1.415    10.3    3.0
FRB 542   701.0  35    616.0  0.241    11.7    4.0
FRB 543   497.6  35    412.6  0.648     9.9    3.0
FRB 544   278.5  35    193.5  0.129    43.9    2.0
FRB 545  1211.2  35   1126.2  1.244    14.4    2.0
FRB 546   480.3  35    395.3  0.466    10.0    2.0
FRB 547   661.5  35    576.5  0.507    39.5    2.0
FRB 548   707.5  35    622.5  0.562    22.6    3.0
FRB 549   234.2  35    149.2  0.106    22.6    2.0
FRB 550   438.4  35    353.4  0.474    12.9    1.0
FRB 551   473.5  35    388.5  0.218    13.4    1.0
FRB 552  1638.0  35   1553.0  0.504    14.0    4.0
FRB 553   516.3  35    431.3  0.308    21.0    2.0
FRB 554   997.1  35    912.1  1.074    11.5    3.0
FRB 555   217.9  35    132.9  0.205   115.4    3.0
FRB 556   521.3  35    436.3  0.461    10.8    4.0
FRB 557   559.9  35    474.9  0.753    16.5    2.0
FRB 558   300.9  35    215.9  0.013     9.9    2.0
FRB 559   497.4  35    412.4  0.247    12.3    2.0
FRB 560   426.5  35    341.5  0.375    14.6    4.0
FRB 561   600.6  35    515.6  0.488    19.7    2.0
FRB 562  1256.9  35   1171.9  0.432   144.5    1.0
FRB 563   853.0  35    768.0  1.034    10.6    3.0
FRB 564   458.2  35    373.2  0.655    10.8    2.0
FRB 565   389.2  35    304.2  0.072    45.8    3.0
FRB 566   731.7  35    646.7  0.591    15.3    2.0
FRB 567   973.7  35    888.7  1.132    18.9    2.0
FRB 568   386.2  35    301.2  0.140    22.2    3.0
FRB 569   577.4  35    492.4  0.610    27.0    1.0
FRB 570   311.3  35    226.3  0.331    14.7    2.0
FRB 571   507.8  35    422.8  0.455    24.3    5.0
FRB 572   805.3  35    720.3  0.942    29.6    1.0
FRB 573   683.1  35    598.1  0.781    12.1    3.0
FRB 574   440.8  35    355.8  0.136    12.3    3.0
FRB 575   217.2  35    132.2  0.214    29.2    2.0
FRB 576  1092.7  35   1007.7  0.840    10.3    3.0
FRB 577   802.2  35    717.2  0.595    14.1    2.0
FRB 578   550.2  35    465.2  0.423    16.0    2.0
FRB 579   774.0  35    689.0  0.683    11.0    2.0
FRB 580   654.4  35    569.4  0.259    66.5    2.0
FRB 581  1560.0  35   1475.0  0.532    19.8    4.0
FRB 582   312.4  35    227.4  0.070    49.4    1.0
FRB 583  1011.4  35    926.4  1.363    10.5    1.0
FRB 584   366.1  35    281.1  0.213    11.2    4.0
FRB 585   665.4  35    580.4  0.598    11.9    1.0
FRB 586   708.0  35    623.0  0.963     9.8    1.0
FRB 587   613.9  35    528.9  0.677    19.4    2.0
FRB 588   522.9  35    437.9  0.400    21.5    1.0
FRB 589   280.7  35    195.7  0.186    17.7    5.0
FRB 590  1218.5  35   1133.5  0.932    11.3    3.0
FRB 591   429.3  35    344.3  0.306    11.9    2.0
FRB 592  1047.2  35    962.2  1.277    12.0    2.0
FRB 593   626.5  35    541.5  0.425    46.6    3.0
FRB 594   349.0  35    264.0  0.176    21.4    2.0
FRB 595   361.5  35    276.5  0.367    14.1    2.0
FRB 596   118.3  35     33.3  0.031    12.5    4.0
FRB 597  1380.2  35   1295.2  0.016    14.2    1.0
FRB 598   415.1  35    330.1  0.167    49.7    2.0
FRB 599   347.3  35    262.3  0.274     9.6    2.0
FRB 600   731.0  35    646.0  0.544    13.5    2.0
FRB 601  1047.0  35    962.0  1.249    23.9    2.0
FRB 602   407.9  35    322.9  0.575    12.9    4.0
FRB 603   637.1  35    552.1  0.299    11.4    3.0
FRB 604   584.6  35    499.6  0.564    31.2    1.0
FRB 605   402.0  35    317.0  0.248    12.4    4.0
FRB 606  1370.7  35   1285.7  0.120    17.3    3.0
FRB 607   367.0  35    282.0  0.350    51.4    3.0
FRB 608   259.1  35    174.1  0.066   117.0    3.0
FRB 609   869.6  35    784.6  0.419    24.8    5.0
FRB 610   622.7  35    537.7  0.824    10.7    2.0
FRB 611   533.7  35    448.7  0.615    12.3    4.0
FRB 612   651.1  35    566.1  0.261    13.7    3.0
FRB 613   642.9  35    557.9  0.168    10.5    4.0
FRB 614   224.4  35    139.4  0.040    16.5    3.0
FRB 615   479.2  35    394.2  0.474    16.5    2.0
FRB 616   188.8  35    103.8  0.119    11.2    1.0
FRB 617   878.8  35    793.8  1.048    10.1    2.0
FRB 618   299.8  35    214.8  0.245    14.9    3.0
FRB 619   291.4  35    206.4  0.112    60.3    2.0
FRB 620   603.8  35    518.8  0.529    41.1    0.0
FRB 621   340.3  35    255.3  0.290    14.3    3.0
FRB 622   512.0  35    427.0  0.318    10.4    0.0
FRB 623   692.3  35    607.3  0.528    58.6    2.0
FRB 624   699.7  35    614.7  0.809    15.0    2.0
FRB 625   672.0  35    587.0  0.305    12.1    0.0
FRB 626   406.4  35    321.4  0.409    22.3    4.0
FRB 627  1399.1  35   1314.1  0.120    12.3    3.0
FRB 628   882.2  35    797.2  0.559    13.1    3.0
FRB 629   202.7  35    117.7  0.022    26.3    0.0
FRB 630   229.2  35    144.2  0.174    10.1    3.0
FRB 631   348.7  35    263.7  0.074    13.4    2.0
FRB 632   614.8  35    529.8  0.620    12.3    2.0
FRB 633   215.6  35    130.6  0.097    98.3    1.0
FRB 634   576.9  35    491.9  0.587     9.9    2.0
FRB 635   735.5  35    650.5  0.965    15.0    4.0
FRB 636   623.7  35    538.7  0.537    10.5    3.0
FRB 637   653.3  35    568.3  0.136    12.4    2.0
FRB 638   916.7  35    831.7  0.496    29.9    2.0
FRB 639   438.6  35    353.6  0.154    23.6    3.0
FRB 640   751.4  35    666.4  0.688    69.5    3.0
FRB 641   498.0  35    413.0  0.315    36.4    3.0
FRB 642   707.2  35    622.2  0.810    10.7    2.0
FRB 643   471.5  35    386.5  0.246    13.0    3.0
FRB 644   397.9  35    312.9  0.243    24.1    3.0
FRB 645   856.6  35    771.6  0.640    13.7    3.0
FRB 646   706.8  35    621.8  0.245    20.3    5.0
FRB 647   489.3  35    404.3  0.033    20.4    1.0
FRB 648   630.3  35    545.3  0.713    13.8    3.0
FRB 649  1100.1  35   1015.1  0.532    32.0    2.0
FRB 650  1476.7  35   1391.7  0.408    29.5    3.0
FRB 651   925.5  35    840.5  0.514    15.4    5.0
FRB 652  1121.5  35   1036.5  1.008    16.2    2.0
FRB 653   408.4  35    323.4  0.406    19.5    1.0
FRB 654   321.8  35    236.8  0.285    27.6    3.0
FRB 655   561.9  35    476.9  0.504    15.9    2.0
FRB 656   279.0  35    194.0  0.102    10.0    4.0
FRB 657   489.5  35    404.5  0.027    32.8    3.0
FRB 658   954.4  35    869.4  1.098    34.6    2.0
FRB 659   548.2  35    463.2  0.187    25.5    2.0
FRB 660  1563.5  35   1478.5  0.590    24.3    4.0
FRB 661   402.3  35    317.3  0.390    44.7    4.0
FRB 662   376.5  35    291.5  0.294    88.7    3.0
FRB 663   923.2  35    838.2  0.731    16.6    1.0
FRB 664   368.1  35    283.1  0.139    20.3    2.0
FRB 665   399.4  35    314.4  0.259    15.6    3.0
FRB 666  1065.8  35    980.8  1.473    15.2    1.0
FRB 667   333.5  35    248.5  0.240    48.5    3.0
FRB 668   505.1  35    420.1  0.649    12.4    2.0
FRB 669   523.1  35    438.1  0.501   101.7    1.0
FRB 670  1322.0  35   1237.0  1.746     9.7    1.0
FRB 671   726.7  35    641.7  0.324    10.3    2.0
FRB 672   470.1  35    385.1  0.659    51.0    1.0
FRB 673  1004.5  35    919.5  0.083    16.4    4.0
FRB 674   272.1  35    187.1  0.343    11.9    1.0
FRB 675  1258.7  35   1173.7  1.530    15.4    2.0
FRB 676   810.9  35    725.9  0.556    11.9    4.0
FRB 677   716.9  35    631.9  0.520     9.9    2.0
FRB 678   902.8  35    817.8  1.114    23.8    0.0
FRB 679   774.6  35    689.6  0.780    15.8    4.0
FRB 680  1368.9  35   1283.9  0.472    45.4    2.0
FRB 681   418.9  35    333.9  0.264    10.8    2.0
FRB 682   699.8  35    614.8  0.340    36.0    2.0
FRB 683   727.5  35    642.5  1.084    22.7    1.0
FRB 684   885.4  35    800.4  0.454    10.7    1.0
FRB 685   439.7  35    354.7  0.105   303.5    3.0
FRB 686   155.8  35     70.8  0.125    27.2    1.0
FRB 687   513.8  35    428.8  0.320    28.8    1.0
FRB 688   918.9  35    833.9  1.236    10.0    2.0
FRB 689   587.0  35    502.0  0.229    11.4    4.0
FRB 690   829.3  35    744.3  0.748     9.5    4.0
FRB 691   242.2  35    157.2  0.122    23.1    4.0
FRB 692   933.7  35    848.7  0.785    21.8    2.0
FRB 693   841.7  35    756.7  0.457    27.1    2.0
FRB 694   149.6  35     64.6  0.023    11.4    2.0
FRB 695   605.4  35    520.4  0.435    55.9    3.0
FRB 696   640.5  35    555.5  0.495    23.8    3.0
FRB 697   564.5  35    479.5  0.679    10.8    0.0
FRB 698   355.2  35    270.2  0.301    10.4    3.0
FRB 699   695.0  35    610.0  0.859    22.5    3.0
FRB 700  1087.6  35   1002.6  0.420    51.3    1.0
FRB 701   188.8  35    103.8  0.012    14.1    3.0
FRB 702   600.0  35    515.0  0.709    24.0    1.0
FRB 703   160.8  35     75.8  0.020    36.4    1.0
FRB 704   460.6  35    375.6  0.215    14.9    2.0
FRB 705   851.6  35    766.6  1.014     9.7    1.0
FRB 706  1082.6  35    997.6  1.316    14.6    3.0
FRB 707   548.9  35    463.9  0.242    15.2    3.0
FRB 708   537.9  35    452.9  0.711    10.0    2.0
FRB 709   497.1  35    412.1  0.262    13.1    3.0
FRB 710   305.4  35    220.4  0.069    14.6    3.0
FRB 711   800.6  35    715.6  0.575    10.7    3.0
FRB 712   356.1  35    271.1  0.169    14.5    3.0
FRB 713   302.2  35    217.2  0.143    15.9    1.0
FRB 714  1221.7  35   1136.7  1.456    13.0    2.0
FRB 715   126.7  35     41.7  0.021    10.2    1.0
FRB 716   680.8  35    595.8  0.838    35.6    2.0
FRB 717   785.8  35    700.8  0.820    11.3    1.0
FRB 718   226.5  35    141.5  0.057    28.0    1.0
FRB 719  1051.4  35    966.4  0.815    12.6    3.0
FRB 720   644.0  35    559.0  0.857    11.0    1.0
FRB 721   156.8  35     71.8  0.036     9.5    1.0
FRB 722  1001.0  35    916.0  0.423    22.4    3.0
FRB 723   731.7  35    646.7  0.721    99.8    2.0
FRB 724   447.6  35    362.6  0.015    75.8    4.0
FRB 725   761.1  35    676.1  0.497    44.1    2.0
FRB 726   276.1  35    191.1  0.153    30.1    1.0
FRB 727   421.0  35    336.0  0.424    20.8    3.0
FRB 728   840.4  35    755.4  1.051    18.8    2.0
FRB 729   854.7  35    769.7  0.981    15.6    2.0
FRB 730   506.8  35    421.8  0.567    11.4    3.0
FRB 731   342.6  35    257.6  0.187    11.6    3.0
FRB 732   419.8  35    334.8  0.256    16.6    3.0
FRB 733   435.9  35    350.9  0.419    11.1    4.0
FRB 734   617.9  35    532.9  0.271    19.9    2.0
FRB 735   905.3  35    820.3  0.651    12.7    4.0
FRB 736  1100.8  35   1015.8  0.840    11.8    4.0
FRB 737   189.4  35    104.4  0.020   294.6    5.0
FRB 738   412.1  35    327.1  0.284     9.6    3.0
FRB 739   466.7  35    381.7  0.514    23.0    2.0
FRB 740   445.0  35    360.0  0.074    17.0    2.0
FRB 741   264.3  35    179.3  0.120    21.8    4.0
FRB 742   200.0  35    115.0  0.104    23.3    4.0
FRB 743   600.2  35    515.2  0.210    11.4    2.0
FRB 744   867.3  35    782.3  0.639    27.1    4.0
FRB 745   617.6  35    532.6  0.772    15.7    3.0
FRB 746   842.8  35    757.8  0.640    14.4    3.0
FRB 747   569.7  35    484.7  0.082    14.4    2.0
FRB 748   833.3  35    748.3  0.558    11.7    3.0
FRB 749   160.8  35     75.8  0.108    27.4    4.0
FRB 750   271.5  35    186.5  0.030    10.6    4.0
FRB 751   549.0  35    464.0  0.770   136.9    2.0
FRB 752   391.9  35    306.9  0.293    42.2    3.0
FRB 753   308.2  35    223.2  0.015    15.2    3.0
FRB 754   735.0  35    650.0  0.891    45.7    2.0
FRB 755   937.2  35    852.2  0.911    12.6    3.0
FRB 756   137.2  35     52.2  0.043    10.5    2.0
FRB 757   376.7  35    291.7  0.469    20.8    1.0
FRB 758   313.4  35    228.4  0.243    14.3    2.0
FRB 759   177.7  35     92.7  0.069    11.1    3.0
FRB 760   430.0  35    345.0  0.285    10.5    2.0
FRB 761   828.7  35    743.7  0.712    15.7    3.0
FRB 762   696.5  35    611.5  0.753    10.4    2.0
FRB 763   898.8  35    813.8  1.029    31.8    1.0
FRB 764  1350.9  35   1265.9  1.959    25.7    1.0
FRB 765   494.8  35    409.8  0.519    18.9    1.0
FRB 766   898.3  35    813.3  0.378    16.4    4.0
FRB 767   711.5  35    626.5  0.763    20.2    2.0
FRB 768   555.5  35    470.5  0.554    11.4    3.0
FRB 769   605.4  35    520.4  0.396    14.2    1.0
FRB 770   343.9  35    258.9  0.395    63.0    2.0
FRB 771   466.4  35    381.4  0.420    10.3    1.0
FRB 772   262.4  35    177.4  0.114    23.4    3.0
FRB 773   206.9  35    121.9  0.005     9.7    1.0
FRB 774  4823.2  35   4738.2  0.272    19.8    2.0
FRB 775   312.5  35    227.5  0.205    71.9    2.0
FRB 776   399.3  35    314.3  0.156    13.2    2.0
FRB 777   812.4  35    727.4  0.919    15.3    3.0
FRB 778  1021.8  35    936.8  0.804    12.8    2.0
FRB 779   872.6  35    787.6  0.038    16.3    4.0
FRB 780   289.6  35    204.6  0.252   162.0    1.0
FRB 781   226.6  35    141.6  0.193   109.3    2.0
FRB 782   905.4  35    820.4  1.286    15.0    3.0
FRB 783   381.3  35    296.3  0.371    55.8    3.0
FRB 784   816.4  35    731.4  0.452    11.5    2.0
FRB 785   553.5  35    468.5  0.499    13.0    3.0
FRB 786  1018.1  35    933.1  1.108    14.2    2.0
FRB 787   933.5  35    848.5  0.165    10.6    2.0
FRB 788   169.0  35     84.0  0.118   101.7    0.0
FRB 789   515.2  35    430.2  0.581    17.2    3.0
FRB 790   183.1  35     98.1  0.051    25.6    2.0
FRB 791   961.3  35    876.3  1.093    21.7    3.0
FRB 792   839.2  35    754.2  0.877    12.4    1.0
FRB 793   839.5  35    754.5  1.080    16.3    2.0
FRB 794   483.0  35    398.0  0.492    18.1    1.0
FRB 795   513.1  35    428.1  0.442   269.8    2.0
FRB 796   325.2  35    240.2  0.196    13.0    3.0
FRB 797  1145.6  35   1060.6  1.188    18.0    2.0
FRB 798   936.2  35    851.2  0.618    12.4    2.0
FRB 799   670.9  35    585.9  0.109    13.5    3.0
FRB 800   225.4  35    140.4  0.169    10.4    1.0
FRB 801   597.0  35    512.0  0.593    22.5    2.0
FRB 802   764.8  35    679.8  0.757    15.2    2.0
FRB 803   452.5  35    367.5  0.316    30.7    4.0
FRB 804   236.0  35    151.0  0.103    15.7    3.0
FRB 805   571.9  35    486.9  0.483    13.1    3.0
FRB 806   642.6  35    557.6  0.612    15.2    1.0
FRB 807   654.3  35    569.3  0.239    13.2    2.0
FRB 808   683.4  35    598.4  0.545    12.0    2.0
FRB 809   422.6  35    337.6  0.178    23.3    1.0
FRB 810   362.7  35    277.7  0.020    17.2    1.0
FRB 811   772.0  35    687.0  0.804    10.5    4.0
FRB 812   301.9  35    216.9  0.256    10.0    0.0
FRB 813   556.3  35    471.3  0.811    22.4    2.0
FRB 814   300.1  35    215.1  0.053    37.3    2.0
FRB 815   699.3  35    614.3  0.775    15.9    3.0
FRB 816   409.8  35    324.8  0.298    10.9    1.0
FRB 817   825.4  35    740.4  1.163    14.7    3.0
FRB 818  1024.1  35    939.1  1.117    14.9    2.0
FRB 819   258.2  35    173.2  0.007    13.1    2.0
FRB 820  1082.2  35    997.2  0.752    16.3    2.0
FRB 821   465.7  35    380.7  0.447    16.8    3.0
FRB 822   691.2  35    606.2  0.712    15.1    0.0
FRB 823   623.4  35    538.4  0.344    24.5    3.0
FRB 824   424.3  35    339.3  0.367    13.0    3.0
FRB 825  1162.3  35   1077.3  0.133    46.7    0.0
FRB 826   274.3  35    189.3  0.283    36.9    4.0
FRB 827   251.3  35    166.3  0.219    64.4    3.0
FRB 828   682.5  35    597.5  0.916    14.3    3.0
FRB 829   315.5  35    230.5  0.140    18.4    2.0
FRB 830   198.1  35    113.1  0.117    26.1    5.0
FRB 831  1220.9  35   1135.9  1.308    13.0    2.0
FRB 832   243.8  35    158.8  0.109    19.7    1.0
FRB 833   859.3  35    774.3  1.119    14.1    3.0
FRB 834   527.7  35    442.7  0.520    12.4    1.0
FRB 835  1471.6  35   1386.6  1.018    10.5    2.0
FRB 836   261.0  35    176.0  0.091    26.9    1.0
FRB 837   857.6  35    772.6  0.675    43.5    4.0
FRB 838   890.4  35    805.4  0.187     9.8    2.0
FRB 839   279.2  35    194.2  0.176    10.6    4.0
FRB 840  1907.7  35   1822.7  0.503     9.5    3.0
FRB 841   404.3  35    319.3  0.420    20.6    3.0
FRB 842   550.9  35    465.9  0.698    19.4    2.0
FRB 843   682.9  35    597.9  0.739    11.1    3.0
FRB 844   204.6  35    119.6  0.042    42.8    2.0
FRB 845   813.0  35    728.0  0.051    14.3    4.0
FRB 846   196.9  35    111.9  0.101    91.0    3.0
FRB 847   341.0  35    256.0  0.278    31.5    3.0
FRB 848   717.4  35    632.4  1.038    25.0    3.0
FRB 849  1084.5  35    999.5  1.229    16.2    3.0
FRB 850   455.2  35    370.2  0.496     9.5    1.0
FRB 851   556.8  35    471.8  0.609    25.0    3.0
FRB 852   622.3  35    537.3  0.051    26.8    2.0
FRB 853  1247.7  35   1162.7  1.366    18.2    2.0
FRB 854   136.4  35     51.4  0.003    10.2    1.0
FRB 855   366.9  35    281.9  0.019    23.2    2.0
FRB 856   540.9  35    455.9  0.103     9.8    2.0
FRB 857   146.7  35     61.7  0.087    15.1    2.0
FRB 858   713.5  35    628.5  0.715    19.2    4.0
FRB 859   153.2  35     68.2  0.072    13.4    3.0
FRB 860   225.5  35    140.5  0.164    11.6    3.0
FRB 861   273.6  35    188.6  0.062    81.6    4.0
FRB 862   722.4  35    637.4  0.730    22.0    3.0
FRB 863  1429.8  35   1344.8  0.622    12.9    3.0
FRB 864  1906.8  35   1821.8  0.642     9.5    3.0
FRB 865  1384.2  35   1299.2  1.695     9.7    1.0
FRB 866   299.5  35    214.5  0.247    24.9    3.0
FRB 867   539.1  35    454.1  0.176    89.2    3.0
FRB 868   521.5  35    436.5  0.747   121.4    2.0
FRB 869   892.7  35    807.7  1.182    21.3    0.0
FRB 870   748.3  35    663.3  0.265    19.5    2.0
FRB 871   510.7  35    425.7  0.098    11.2    1.0
FRB 872   897.3  35    812.3  0.930    11.7    1.0
FRB 873  1018.5  35    933.5  0.673    16.2    2.0
FRB 874   891.5  35    806.5  1.184    31.4    3.0
FRB 875   670.6  35    585.6  0.088    11.4    1.0
FRB 876   234.8  35    149.8  0.263    27.8    3.0
FRB 877   341.5  35    256.5  0.206    18.7    2.0
FRB 878   847.8  35    762.8  1.086    15.9    2.0
FRB 879   731.6  35    646.6  0.812    14.3    3.0
FRB 880   326.0  35    241.0  0.190    56.7    5.0
FRB 881   251.3  35    166.3  0.222    20.9    2.0
FRB 882   715.4  35    630.4  0.685    11.0    4.0
FRB 883   260.1  35    175.1  0.217    24.3    3.0
FRB 884   326.4  35    241.4  0.352    92.8    1.0
FRB 885  1305.0  35   1220.0  0.330    11.5    2.0
FRB 886   765.2  35    680.2  0.743    29.2    3.0
FRB 887   306.0  35    221.0  0.080    22.7    3.0
FRB 888   332.7  35    247.7  0.074   202.2    2.0
FRB 889  1141.8  35   1056.8  1.541    14.5    2.0
FRB 890   343.8  35    258.8  0.290    10.9    3.0
FRB 891   555.4  35    470.4  0.667     9.9    3.0
FRB 892   305.1  35    220.1  0.248    25.9    4.0
FRB 893  1065.8  35    980.8  0.914    11.4    3.0
FRB 894   987.4  35    902.4  0.656    12.8    2.0
FRB 895   392.9  35    307.9  0.344    11.8    1.0
FRB 896   776.6  35    691.6  0.744    15.5    2.0
FRB 897   116.1  35     31.1  0.008    23.5    2.0
FRB 898   269.3  35    184.3  0.003    26.6    5.0
FRB 899   765.1  35    680.1  0.499    17.3    2.0
FRB 900   718.1  35    633.1  1.067     9.8    2.0
FRB 901   809.4  35    724.4  0.816    27.8    1.0
FRB 902   743.6  35    658.6  0.254    46.3    1.0
FRB 903   589.8  35    504.8  0.516     9.5    1.0
FRB 904   874.6  35    789.6  0.698    23.1    5.0
FRB 905   914.6  35    829.6  1.313    11.1    1.0
FRB 906   387.7  35    302.7  0.406    17.0    3.0
FRB 907   206.8  35    121.8  0.020    32.9    2.0
FRB 908   672.6  35    587.6  0.876    58.5    1.0
FRB 909   432.9  35    347.9  0.412    12.4    3.0
FRB 910  1564.2  35   1479.2  1.716    16.9    1.0
FRB 911   224.6  35    139.6  0.020    14.1    2.0
FRB 912   690.9  35    605.9  0.619    10.3    3.0
FRB 913  1271.8  35   1186.8  1.425    10.4    3.0
FRB 914  1430.9  35   1345.9  1.039    21.0    3.0
FRB 915  1270.2  35   1185.2  1.461     9.6    2.0
FRB 916  1017.6  35    932.6  0.791    16.3    3.0
FRB 917   638.0  35    553.0  0.742    18.2    4.0
FRB 918   170.5  35     85.5  0.146    11.9    2.0
FRB 919   500.3  35    415.3  0.403    14.3    5.0
FRB 920   321.8  35    236.8  0.254    12.8    4.0
FRB 921   213.2  35    128.2  0.165    10.6    1.0
FRB 922   399.1  35    314.1  0.299    12.8    0.0
FRB 923  1047.5  35    962.5  0.927    11.3    2.0
FRB 924   308.0  35    223.0  0.104    11.0    1.0
FRB 925   355.2  35    270.2  0.428     9.8    4.0
FRB 926   529.9  35    444.9  0.512    12.4    3.0
FRB 927   667.9  35    582.9  0.267    10.2    3.0
FRB 928   357.5  35    272.5  0.366    48.1    3.0
FRB 929   522.2  35    437.2  0.414    10.3    4.0
FRB 930   381.2  35    296.2  0.164    16.1    3.0
FRB 931   801.2  35    716.2  0.751    16.0    2.0
FRB 932   296.9  35    211.9  0.318    16.6    2.0
FRB 933   618.4  35    533.4  0.466    20.6    2.0
FRB 934   612.1  35    527.1  0.178    19.0    2.0
FRB 935   675.8  35    590.8  0.760    30.9    3.0
FRB 936   541.4  35    456.4  0.232     9.6    1.0
FRB 937   526.9  35    441.9  0.091    10.0    5.0
FRB 938   391.7  35    306.7  0.116    15.0    2.0
FRB 939  1152.3  35   1067.3  0.357    14.9    2.0
FRB 940   424.2  35    339.2  0.003    13.9    2.0
FRB 941   818.5  35    733.5  0.981    12.0    1.0
FRB 942   316.0  35    231.0  0.210    71.9    3.0
FRB 943   936.3  35    851.3  0.974    11.6    2.0
FRB 944   368.7  35    283.7  0.396    10.2    4.0
FRB 945   270.4  35    185.4  0.307    10.2    2.0
FRB 946   135.2  35     50.2  0.072    17.1    4.0
FRB 947   856.3  35    771.3  1.062    14.1    1.0
FRB 948   873.8  35    788.8  1.120    11.4    3.0
FRB 949   486.9  35    401.9  0.384    13.9    4.0
FRB 950   535.4  35    450.4  0.255    24.2    3.0
FRB 951   477.7  35    392.7  0.417    10.8    5.0
FRB 952  1115.6  35   1030.6  1.491    10.9    1.0
FRB 953   444.9  35    359.9  0.209   188.0    2.0
FRB 954   590.3  35    505.3  0.716    55.2    1.0
FRB 955   303.6  35    218.6  0.143    30.8    0.0
FRB 956   438.8  35    353.8  0.132    22.3    3.0
FRB 957   871.3  35    786.3  0.569     9.8    3.0
FRB 958   449.2  35    364.2  0.258    11.6    2.0
FRB 959   591.8  35    506.8  0.821    37.4    2.0
FRB 960   561.5  35    476.5  0.638    13.5    1.0
FRB 961   441.6  35    356.6  0.473    21.5    1.0
FRB 962   947.9  35    862.9  0.664    31.0    3.0
FRB 963   592.6  35    507.6  0.209    69.3    2.0
FRB 964   962.3  35    877.3  1.062    10.7    1.0
FRB 965   210.6  35    125.6  0.025    12.9    2.0
FRB 966   325.8  35    240.8  0.002    11.9    2.0
FRB 967   462.9  35    377.9  0.548    10.5    2.0
FRB 968   624.0  35    539.0  0.478    15.3    2.0
FRB 969   993.9  35    908.9  1.146    19.0    3.0
FRB 970   615.1  35    530.1  0.832    13.7    3.0
FRB 971  1511.6  35   1426.6  0.538    15.9    4.0
FRB 972   382.9  35    297.9  0.192    10.0    3.0
FRB 973   905.6  35    820.6  0.778    26.2    0.0
FRB 974   467.2  35    382.2  0.328    26.7    0.0
FRB 975  1040.3  35    955.3  0.702    20.1    1.0
FRB 976   661.5  35    576.5  0.303    18.8    2.0
FRB 977   334.3  35    249.3  0.283    10.3    0.0
FRB 978   177.8  35     92.8  0.150    10.0    1.0
FRB 979   141.4  35     56.4  0.110    13.2    1.0
FRB 980   942.8  35    857.8  1.199    15.9    3.0
FRB 981   749.0  35    664.0  0.797    19.8    3.0
FRB 982   661.7  35    576.7  0.659    11.2    4.0
FRB 983   191.6  35    106.6  0.182    54.0    2.0
FRB 984   454.9  35    369.9  0.567    12.8    3.0
FRB 985   361.8  35    276.8  0.078   962.1    2.0
FRB 986   443.8  35    358.8  0.002   793.7    2.0
FRB 987   702.2  35    617.2  0.725    14.9    3.0
FRB 988   687.6  35    602.6  0.829    85.9    3.0
FRB 989  1600.6  35   1515.6  0.310    13.7    1.0
FRB 990   249.9  35    164.9  0.222    10.9    2.0
FRB 991   724.5  35    639.5  0.936    10.9    1.0
FRB 992   388.9  35    303.9  0.320     9.7    4.0
FRB 993   388.0  35    303.0  0.398    19.8    2.0
FRB 994   247.6  35    162.6  0.212    11.1    2.0
FRB 995   261.0  35    176.0  0.219    10.0    2.0
FRB 996   299.4  35    214.4  0.367    14.9    3.0
FRB 997   648.3  35    563.3  0.820    14.4    1.0
FRB 998   591.9  35    506.9  0.218    12.4    2.0
FRB 999   880.4  35    795.4  0.995    11.8    2.0
