BW    288 #MHz
FRES  1 #MHz
NFRB 1 #Number of FRBs
DIAM 12
NBEAMS 36
BEAM lat50_log #prefix of beam file
FBAR 1320
TRES  1.7 #ms
SNRTHRESH 9.5
NFRB 1000
NORM_FRB 1000
TOBS 966.5 # days of 100% efficient operation
THRESH 0.99 #Jy ms to 1 ms burst [ 22 Jy ms / 24 antennas *sqrt{336/288} bandwidth factor]
KEY ID 	DM    	DMG     DMEG	Z	SNR	WIDTH
# fake data from MC simulations
FRB 0   431.2  35    346.2  0.303    13.9    2.0
FRB 1   525.0  35    440.0  0.352    30.6    2.0
FRB 2   406.3  35    321.3  0.398    14.3    3.0
FRB 3   893.0  35    808.0  0.789    10.7    2.0
FRB 4  1024.9  35    939.9  1.063     9.6    3.0
FRB 5   204.8  35    119.8  0.117   107.1    2.0
FRB 6   761.7  35    676.7  0.635    26.0    2.0
FRB 7   268.4  35    183.4  0.046    15.2    2.0
FRB 8   653.5  35    568.5  0.398    12.9    4.0
FRB 9   301.4  35    216.4  0.311    15.4    3.0
FRB 10   136.2  35     51.2  0.066    23.6    1.0
FRB 11   410.9  35    325.9  0.080   146.7    3.0
FRB 12   503.6  35    418.6  0.634    18.5    4.0
FRB 13  1038.6  35    953.6  0.485    13.3    1.0
FRB 14   619.1  35    534.1  0.582    15.4    3.0
FRB 15   595.9  35    510.9  0.531    12.8    3.0
FRB 16   143.7  35     58.7  0.010   1344.3    2.0
FRB 17   230.9  35    145.9  0.151    25.9    1.0
FRB 18   256.1  35    171.1  0.171    11.6    3.0
FRB 19   406.7  35    321.7  0.374    13.9    2.0
FRB 20   257.8  35    172.8  0.138    45.5    2.0
FRB 21   550.3  35    465.3  0.123    80.8    2.0
FRB 22   846.7  35    761.7  0.801    19.6    2.0
FRB 23  1266.9  35   1181.9  -1.000    10.8    2.0
FRB 24   193.2  35    108.2  0.042   555.0    2.0
FRB 25   472.4  35    387.4  0.345    11.8    2.0
FRB 26   391.6  35    306.6  0.150    10.3    2.0
FRB 27   661.6  35    576.6  0.285    42.0    1.0
FRB 28  1049.2  35    964.2  0.878    24.3    4.0
FRB 29   430.0  35    345.0  0.482     9.6    2.0
FRB 30  1764.2  35   1679.2  -1.000    69.7    3.0
FRB 31   713.2  35    628.2  0.463    34.7    0.0
FRB 32   531.5  35    446.5  0.520    10.4    3.0
FRB 33   478.4  35    393.4  0.513    12.5    4.0
FRB 34   362.0  35    277.0  0.090    19.9    2.0
FRB 35   230.6  35    145.6  0.111    12.6    4.0
FRB 36   560.5  35    475.5  0.688    40.7    1.0
FRB 37   477.8  35    392.8  0.059    28.6    3.0
FRB 38  1082.0  35    997.0  1.214    13.2    2.0
FRB 39   314.1  35    229.1  0.136    10.9    2.0
FRB 40   130.6  35     45.6  0.019   119.1    1.0
FRB 41   404.9  35    319.9  0.424    23.3    3.0
FRB 42   190.2  35    105.2  0.077    20.8    2.0
FRB 43   359.0  35    274.0  0.106    35.8    2.0
FRB 44   935.8  35    850.8  0.814    12.1    2.0
FRB 45   245.1  35    160.1  0.305    30.4    0.0
FRB 46   405.7  35    320.7  0.138    11.7    3.0
FRB 47  1223.9  35   1138.9  -1.000    28.7    3.0
FRB 48   712.0  35    627.0  0.529    43.2    3.0
FRB 49   630.1  35    545.1  0.622    19.8    0.0
FRB 50   725.7  35    640.7  0.807    10.2    4.0
FRB 51   296.5  35    211.5  0.181    12.5    1.0
FRB 52   385.3  35    300.3  0.065    10.5    0.0
FRB 53   679.0  35    594.0  0.368    52.7    2.0
FRB 54   842.4  35    757.4  0.900    10.2    3.0
FRB 55   249.9  35    164.9  0.078    35.6    3.0
FRB 56   464.5  35    379.5  0.342    12.1    2.0
FRB 57  1207.1  35   1122.1  -1.000    19.2    2.0
FRB 58   240.6  35    155.6  0.023    54.1    1.0
FRB 59   633.2  35    548.2  0.678    23.0    1.0
FRB 60   641.8  35    556.8  0.561    12.2    3.0
FRB 61   965.7  35    880.7  0.749    10.8    3.0
FRB 62   547.1  35    462.1  0.473     9.7    3.0
FRB 63   328.5  35    243.5  0.127    10.7    5.0
FRB 64   154.4  35     69.4  0.047    14.9    2.0
FRB 65   508.4  35    423.4  0.020   103.7    1.0
FRB 66   463.7  35    378.7  0.117    12.9    3.0
FRB 67   597.8  35    512.8  0.531    12.3    2.0
FRB 68   295.8  35    210.8  0.171    11.3    2.0
FRB 69  1961.0  35   1876.0  -1.000    10.2    2.0
FRB 70   351.8  35    266.8  0.312    24.5    3.0
FRB 71   548.8  35    463.8  0.120    65.8    0.0
FRB 72   499.3  35    414.3  0.002    10.7    3.0
FRB 73   860.2  35    775.2  0.740    30.1    2.0
FRB 74   273.0  35    188.0  0.057    12.6    2.0
FRB 75   279.9  35    194.9  0.220    17.7    3.0
FRB 76  1194.9  35   1109.9  -1.000    12.1    2.0
FRB 77   427.2  35    342.2  0.388    11.1    3.0
FRB 78  1107.0  35   1022.0  -1.000    10.9    3.0
FRB 79   141.1  35     56.1  0.006    12.4    4.0
FRB 80   689.9  35    604.9  0.620    12.0    4.0
FRB 81   668.2  35    583.2  0.060    11.4    5.0
FRB 82  1157.9  35   1072.9  -1.000    28.3    3.0
FRB 83   185.8  35    100.8  0.088    12.8    3.0
FRB 84   403.1  35    318.1  0.224    19.1    3.0
FRB 85  1177.4  35   1092.4  -1.000    16.9    2.0
FRB 86   333.2  35    248.2  0.236   159.5    1.0
FRB 87   278.2  35    193.2  0.192    56.4    3.0
FRB 88  1355.1  35   1270.1  -1.000    15.8    3.0
FRB 89   248.4  35    163.4  0.054    21.1    4.0
FRB 90   303.2  35    218.2  0.067    84.7    2.0
FRB 91   967.8  35    882.8  0.934    13.2    3.0
FRB 92   324.8  35    239.8  0.335    11.9    3.0
FRB 93   783.4  35    698.4  0.345    11.4    2.0
FRB 94   608.0  35    523.0  0.350     9.7    2.0
FRB 95   554.6  35    469.6  0.689    17.2    0.0
FRB 96   671.5  35    586.5  0.692    17.1    2.0
FRB 97   495.1  35    410.1  0.459    16.0    4.0
FRB 98   526.1  35    441.1  0.340   175.4    4.0
FRB 99   581.6  35    496.6  0.285    12.1    3.0
FRB 100  1102.1  35   1017.1  -1.000    11.1    2.0
FRB 101   600.4  35    515.4  0.354    20.1    2.0
FRB 102   316.4  35    231.4  0.211    12.1    3.0
FRB 103   764.8  35    679.8  0.429    11.4    1.0
FRB 104  1012.4  35    927.4  1.101    11.3    2.0
FRB 105  1369.6  35   1284.6  -1.000    17.8    0.0
FRB 106   973.7  35    888.7  0.806    15.7    2.0
FRB 107   743.9  35    658.9  0.646    27.1    2.0
FRB 108   237.8  35    152.8  0.143    82.2    4.0
FRB 109   355.0  35    270.0  0.204    13.1    0.0
FRB 110   528.1  35    443.1  0.546    14.4    4.0
FRB 111   453.1  35    368.1  0.364    32.0    4.0
FRB 112   188.7  35    103.7  0.125    14.8    0.0
FRB 113   152.3  35     67.3  0.004    13.1    2.0
FRB 114   209.5  35    124.5  0.174    10.7    1.0
FRB 115   246.8  35    161.8  0.094    17.4    4.0
FRB 116   394.9  35    309.9  0.354    17.8    3.0
FRB 117   571.2  35    486.2  0.093    15.5    1.0
FRB 118   472.6  35    387.6  0.243    31.5    2.0
FRB 119   592.2  35    507.2  0.340    13.1    2.0
FRB 120   291.3  35    206.3  0.200    15.6    4.0
FRB 121   966.0  35    881.0  0.463    16.1    3.0
FRB 122   658.6  35    573.6  0.476    20.2    2.0
FRB 123   441.0  35    356.0  0.424    11.9    1.0
FRB 124   615.9  35    530.9  0.393    63.1    3.0
FRB 125   387.0  35    302.0  0.189    10.8    2.0
FRB 126   443.0  35    358.0  0.406    69.3    3.0
FRB 127   362.9  35    277.9  0.178     9.7    3.0
FRB 128   705.9  35    620.9  0.716    16.1    3.0
FRB 129   517.1  35    432.1  0.182   172.0    1.0
FRB 130   472.8  35    387.8  0.256    11.3    2.0
FRB 131   479.7  35    394.7  0.036    46.2    1.0
FRB 132  1243.6  35   1158.6  -1.000    11.0    1.0
FRB 133  1054.4  35    969.4  0.361    70.4    1.0
FRB 134   531.8  35    446.8  0.494    17.2    3.0
FRB 135  5725.6  35   5640.6  -1.000    11.9    3.0
FRB 136   341.5  35    256.5  0.098    17.0    3.0
FRB 137   262.3  35    177.3  0.230    38.8    4.0
FRB 138  1404.0  35   1319.0  -1.000    17.1    3.0
FRB 139   844.1  35    759.1  0.315    21.0    2.0
FRB 140  1517.9  35   1432.9  -1.000    15.4    3.0
FRB 141   288.6  35    203.6  0.084    20.2    0.0
FRB 142   536.5  35    451.5  0.291    10.7    3.0
FRB 143  1002.3  35    917.3  0.916     9.5    2.0
FRB 144   348.2  35    263.2  0.170     9.7    2.0
FRB 145   317.1  35    232.1  0.174    11.3    4.0
FRB 146   441.7  35    356.7  0.306    18.1    3.0
FRB 147  1694.8  35   1609.8  -1.000    22.5    2.0
FRB 148   876.1  35    791.1  0.890    10.0    3.0
FRB 149   728.9  35    643.9  0.438    14.0    2.0
FRB 150   164.1  35     79.1  0.057    32.2    3.0
FRB 151   159.2  35     74.2  0.082    15.9    1.0
FRB 152   664.9  35    579.9  0.009    11.2    3.0
FRB 153   912.3  35    827.3  0.504    11.8    4.0
FRB 154  1001.3  35    916.3  0.223    30.4    2.0
FRB 155  1832.8  35   1747.8  -1.000    15.3    3.0
FRB 156  1090.5  35   1005.5  -1.000    11.9    2.0
FRB 157   315.9  35    230.9  0.101    11.1    3.0
FRB 158   582.5  35    497.5  0.408     9.8    4.0
FRB 159   757.7  35    672.7  0.230    12.6    3.0
FRB 160   894.7  35    809.7  0.384     9.5    1.0
FRB 161   740.1  35    655.1  0.925    10.2    3.0
FRB 162   634.1  35    549.1  0.702    10.0    2.0
FRB 163   508.0  35    423.0  0.453    11.5    4.0
FRB 164   815.9  35    730.9  0.242    13.4    2.0
FRB 165   675.9  35    590.9  0.110    22.6    2.0
FRB 166   122.1  35     37.1  0.045    26.0    1.0
FRB 167   624.4  35    539.4  0.630    14.1    2.0
FRB 168   258.7  35    173.7  0.174    32.3    2.0
FRB 169   388.4  35    303.4  0.301    31.6    2.0
FRB 170   541.1  35    456.1  0.217    47.4    1.0
FRB 171   779.9  35    694.9  0.923    12.3    2.0
FRB 172   771.3  35    686.3  0.686    11.9    2.0
FRB 173   319.3  35    234.3  0.150    41.7    2.0
FRB 174   226.3  35    141.3  0.110    14.0    4.0
FRB 175   525.5  35    440.5  0.131    30.0    3.0
FRB 176   612.9  35    527.9  0.803    13.1    3.0
FRB 177   419.3  35    334.3  0.540    98.6    3.0
FRB 178   574.6  35    489.6  0.247    11.1    1.0
FRB 179   530.8  35    445.8  0.501    17.4    2.0
FRB 180  1065.9  35    980.9  1.158    11.2    2.0
FRB 181   927.3  35    842.3  0.602    18.1    1.0
FRB 182   861.4  35    776.4  0.455    13.3    3.0
FRB 183   594.8  35    509.8  0.553    13.2    3.0
FRB 184   419.3  35    334.3  0.445    23.7    3.0
FRB 185   504.6  35    419.6  0.544     9.6    2.0
FRB 186   988.1  35    903.1  1.406    19.5    1.0
FRB 187   610.2  35    525.2  0.084   804.6    2.0
FRB 188  1394.7  35   1309.7  -1.000    15.8    0.0
FRB 189   222.8  35    137.8  0.086    20.7    2.0
FRB 190   772.7  35    687.7  0.451    12.1    2.0
FRB 191   258.4  35    173.4  0.134    25.1    2.0
FRB 192   465.0  35    380.0  0.154    21.3    3.0
FRB 193   320.9  35    235.9  0.071   102.5    4.0
FRB 194   882.7  35    797.7  1.015    11.5    2.0
FRB 195   908.9  35    823.9  1.033     9.7    2.0
FRB 196   466.0  35    381.0  0.090   301.0    1.0
FRB 197   406.7  35    321.7  0.355    32.4    0.0
FRB 198   633.2  35    548.2  0.293    11.2    2.0
FRB 199  1134.6  35   1049.6  -1.000    18.6    2.0
FRB 200   565.1  35    480.1  0.598    19.4    4.0
FRB 201   591.6  35    506.6  0.641    21.5    2.0
FRB 202  1438.7  35   1353.7  -1.000    10.3    2.0
FRB 203  1147.7  35   1062.7  -1.000    13.3    2.0
FRB 204   507.2  35    422.2  0.088    15.8    2.0
FRB 205   300.9  35    215.9  0.104    14.2    6.0
FRB 206   264.8  35    179.8  0.165    14.3    1.0
FRB 207  1160.7  35   1075.7  -1.000    12.4    3.0
FRB 208   751.7  35    666.7  0.688    16.5    1.0
FRB 209   570.6  35    485.6  0.363    10.4    3.0
FRB 210   777.4  35    692.4  0.726    10.3    2.0
FRB 211   302.2  35    217.2  0.075    10.2    3.0
FRB 212   714.7  35    629.7  0.732    13.0    3.0
FRB 213   601.9  35    516.9  0.783    17.3    2.0
FRB 214   544.9  35    459.9  0.483     9.9    2.0
FRB 215   214.0  35    129.0  0.100    11.4    3.0
FRB 216   371.5  35    286.5  0.347    10.1    2.0
FRB 217  1227.7  35   1142.7  -1.000    11.6    2.0
FRB 218   195.2  35    110.2  0.114    10.6    2.0
FRB 219   484.9  35    399.9  0.362    27.9    1.0
FRB 220   826.4  35    741.4  0.695    20.3    3.0
FRB 221  1227.6  35   1142.6  -1.000    30.7    3.0
FRB 222   395.4  35    310.4  0.301    11.3    1.0
FRB 223  1170.5  35   1085.5  -1.000    12.2    2.0
FRB 224   865.8  35    780.8  0.806    12.1    2.0
FRB 225   479.3  35    394.3  0.240    46.2    3.0
FRB 226   226.3  35    141.3  0.213    24.8    2.0
FRB 227  1666.7  35   1581.7  -1.000    10.2    3.0
FRB 228   545.4  35    460.4  0.661    10.4    2.0
FRB 229   287.7  35    202.7  0.119    38.2    3.0
FRB 230   391.4  35    306.4  0.495    14.4    0.0
FRB 231  1339.5  35   1254.5  -1.000    13.3    0.0
FRB 232  2315.9  35   2230.9  -1.000    11.0    2.0
FRB 233   225.7  35    140.7  0.134    12.4    4.0
FRB 234   519.9  35    434.9  0.600    12.5    1.0
FRB 235   406.0  35    321.0  0.282    15.7    1.0
FRB 236   881.5  35    796.5  1.000    16.7    1.0
FRB 237   433.4  35    348.4  0.423    25.0    3.0
FRB 238   691.9  35    606.9  0.108   104.4    3.0
FRB 239   408.2  35    323.2  0.270    23.6    3.0
FRB 240   282.9  35    197.9  0.070    10.1    1.0
FRB 241   626.3  35    541.3  0.643    12.0    2.0
FRB 242   556.3  35    471.3  0.289    45.1    1.0
FRB 243   650.7  35    565.7  0.427    13.5    2.0
FRB 244  1191.3  35   1106.3  -1.000    19.2    2.0
FRB 245   286.6  35    201.6  0.331    23.7    4.0
FRB 246   387.7  35    302.7  0.070    19.8    0.0
FRB 247   481.9  35    396.9  0.009    40.6    3.0
FRB 248   411.0  35    326.0  0.277    19.9    4.0
FRB 249   191.4  35    106.4  0.022    52.1    2.0
FRB 250   710.1  35    625.1  0.778    69.7    2.0
FRB 251   366.7  35    281.7  0.404    82.3    2.0
FRB 252   473.7  35    388.7  0.485   247.7    3.0
FRB 253   192.3  35    107.3  0.148    14.0    1.0
FRB 254   523.3  35    438.3  0.193    87.5    1.0
FRB 255  1154.8  35   1069.8  -1.000    34.0    2.0
FRB 256  1143.4  35   1058.4  -1.000    12.8    2.0
FRB 257   406.6  35    321.6  0.144    15.2    3.0
FRB 258   248.3  35    163.3  0.205    11.1    2.0
FRB 259   390.4  35    305.4  0.335    14.4    3.0
FRB 260   110.6  35     25.6  0.003    19.3    4.0
FRB 261   419.3  35    334.3  0.213    19.8    3.0
FRB 262  1072.1  35    987.1  1.087    14.3    2.0
FRB 263   382.1  35    297.1  0.091    64.8    2.0
FRB 264   281.9  35    196.9  0.032    12.0    1.0
FRB 265   498.4  35    413.4  0.074    30.8    3.0
FRB 266   466.2  35    381.2  0.351     9.8    4.0
FRB 267   142.0  35     57.0  0.017    12.7    1.0
FRB 268   394.7  35    309.7  0.141    72.2    1.0
FRB 269   322.7  35    237.7  0.003    24.2    1.0
FRB 270   397.7  35    312.7  0.319     9.9    2.0
FRB 271   226.8  35    141.8  0.092    11.1    0.0
FRB 272   377.0  35    292.0  0.284    50.2    1.0
FRB 273  1208.6  35   1123.6  -1.000     9.9    1.0
FRB 274   681.0  35    596.0  0.883    18.5    2.0
FRB 275  1284.3  35   1199.3  -1.000    15.6    4.0
FRB 276   638.3  35    553.3  0.039    34.9    4.0
FRB 277  1245.2  35   1160.2  -1.000    10.4    2.0
FRB 278   319.0  35    234.0  0.238    17.4    0.0
FRB 279   138.9  35     53.9  0.065    21.8    0.0
FRB 280   795.2  35    710.2  0.832    17.7    2.0
FRB 281  1124.5  35   1039.5  -1.000    13.0    3.0
FRB 282   223.0  35    138.0  0.169    19.9    3.0
FRB 283   662.9  35    577.9  0.891    15.4    1.0
FRB 284   346.6  35    261.6  0.099    15.9    2.0
FRB 285   842.2  35    757.2  0.426    11.2    3.0
FRB 286   715.4  35    630.4  0.760    15.5    2.0
FRB 287   325.2  35    240.2  0.033    12.8    2.0
FRB 288   583.6  35    498.6  0.488    12.9    1.0
FRB 289  1009.9  35    924.9  0.615    26.9    3.0
FRB 290   313.3  35    228.3  0.228    14.7    2.0
FRB 291   341.7  35    256.7  0.220     9.6    2.0
FRB 292  1209.2  35   1124.2  -1.000    19.1    3.0
FRB 293   849.1  35    764.1  0.205    38.6    3.0
FRB 294   832.0  35    747.0  0.131    11.5    4.0
FRB 295   550.4  35    465.4  0.496    12.4    2.0
FRB 296   909.4  35    824.4  0.341    15.3    3.0
FRB 297   381.6  35    296.6  0.459    44.2    3.0
FRB 298   598.2  35    513.2  0.375    12.5    2.0
FRB 299   156.2  35     71.2  0.093    26.4    1.0
FRB 300   911.4  35    826.4  0.463    12.0    2.0
FRB 301   277.7  35    192.7  0.081    38.9    2.0
FRB 302   273.4  35    188.4  0.044    27.6    2.0
FRB 303   277.0  35    192.0  0.338    45.8    3.0
FRB 304   705.7  35    620.7  0.825    13.8    2.0
FRB 305   718.6  35    633.6  0.360    10.2    0.0
FRB 306   780.1  35    695.1  0.985    26.3    0.0
FRB 307   303.2  35    218.2  0.169    25.3    2.0
FRB 308   657.5  35    572.5  0.852    13.6    3.0
FRB 309   662.4  35    577.4  0.143    14.9    1.0
FRB 310   308.1  35    223.1  0.065    16.8    3.0
FRB 311   275.5  35    190.5  0.083    11.8    2.0
FRB 312   911.2  35    826.2  0.368    42.5    2.0
FRB 313   575.6  35    490.6  0.661    20.6    2.0
FRB 314   346.4  35    261.4  0.213    12.1    3.0
FRB 315   906.1  35    821.1  0.381     9.7    2.0
FRB 316   362.0  35    277.0  0.296    65.4    3.0
FRB 317  1102.5  35   1017.5  -1.000    23.4    2.0
FRB 318   264.0  35    179.0  0.106    27.3    3.0
FRB 319   523.5  35    438.5  0.527    35.4    3.0
FRB 320   874.5  35    789.5  0.137    54.1    2.0
FRB 321   243.0  35    158.0  0.125    12.7    4.0
FRB 322   271.6  35    186.6  0.183    41.6    2.0
FRB 323  1081.5  35    996.5  0.887    33.1    2.0
FRB 324   577.5  35    492.5  0.527    17.7    4.0
FRB 325   742.5  35    657.5  0.830    14.2    3.0
FRB 326   572.1  35    487.1  0.455    39.4    2.0
FRB 327  1193.0  35   1108.0  -1.000    12.4    1.0
FRB 328   123.6  35     38.6  0.061     9.8    2.0
FRB 329   543.1  35    458.1  0.458    13.6    2.0
FRB 330   533.3  35    448.3  0.434    16.0    3.0
FRB 331   192.3  35    107.3  0.110    18.8    3.0
FRB 332   364.2  35    279.2  0.426    20.2    1.0
FRB 333   287.5  35    202.5  0.143    13.8    1.0
FRB 334   103.0  35     18.0  0.002    13.2    3.0
FRB 335   650.6  35    565.6  0.413    13.2    4.0
FRB 336   728.3  35    643.3  1.007     9.8    3.0
FRB 337   739.8  35    654.8  0.207    14.2    4.0
FRB 338   586.8  35    501.8  0.643    25.4    2.0
FRB 339   680.7  35    595.7  0.446    11.5    2.0
FRB 340   391.6  35    306.6  0.390    11.0    2.0
FRB 341   643.3  35    558.3  0.336    20.2    2.0
FRB 342   247.4  35    162.4  0.009    46.1    4.0
FRB 343   337.8  35    252.8  0.229    15.6    3.0
FRB 344   685.4  35    600.4  0.509    13.6    2.0
FRB 345   429.8  35    344.8  0.175    19.8    1.0
FRB 346   316.2  35    231.2  0.332    23.7    4.0
FRB 347  1053.0  35    968.0  1.198    13.6    2.0
FRB 348   434.4  35    349.4  0.104    12.0    3.0
FRB 349   938.9  35    853.9  0.313    17.7    4.0
FRB 350   542.5  35    457.5  0.441    19.8    0.0
FRB 351   902.2  35    817.2  1.045    19.4    1.0
FRB 352   363.9  35    278.9  0.244    13.7    4.0
FRB 353  1898.3  35   1813.3  -1.000    10.4    3.0
FRB 354   274.2  35    189.2  0.069    30.5    1.0
FRB 355   482.6  35    397.6  0.355    26.0    2.0
FRB 356   517.4  35    432.4  0.062    37.8    5.0
FRB 357   317.2  35    232.2  0.086    11.2    4.0
FRB 358   206.2  35    121.2  0.114    25.0    3.0
FRB 359   272.7  35    187.7  0.270    19.3    3.0
FRB 360   693.2  35    608.2  0.761    19.1    3.0
FRB 361   489.8  35    404.8  0.349    23.7    3.0
FRB 362  1611.7  35   1526.7  -1.000    16.4    3.0
FRB 363   799.5  35    714.5  1.122    19.8    2.0
FRB 364   677.2  35    592.2  0.356    57.5    4.0
FRB 365   630.1  35    545.1  0.795     9.9    2.0
FRB 366  1262.8  35   1177.8  -1.000    36.3    1.0
FRB 367   828.9  35    743.9  0.920    57.7    3.0
FRB 368  1090.5  35   1005.5  -1.000    11.5    4.0
FRB 369   150.0  35     65.0  0.037    57.0    0.0
FRB 370   826.0  35    741.0  1.046    13.9    3.0
FRB 371  1030.5  35    945.5  1.387    14.9    2.0
FRB 372   208.6  35    123.6  0.150    15.0    1.0
FRB 373  1066.9  35    981.9  1.001    17.7    3.0
FRB 374  1065.9  35    980.9  1.496    17.9    3.0
FRB 375  1514.4  35   1429.4  -1.000    15.3    4.0
FRB 376   529.5  35    444.5  0.238    66.7    2.0
FRB 377   461.7  35    376.7  0.400    11.8    2.0
FRB 378   860.9  35    775.9  0.252    11.3    2.0
FRB 379   450.5  35    365.5  0.387    31.4    1.0
FRB 380   298.1  35    213.1  0.050    79.3    3.0
FRB 381   433.6  35    348.6  0.224    41.3    1.0
FRB 382   269.6  35    184.6  0.150    13.4    1.0
FRB 383  2133.9  35   2048.9  -1.000     9.8    1.0
FRB 384   476.5  35    391.5  0.044     9.9    2.0
FRB 385   281.4  35    196.4  0.191    40.5    2.0
FRB 386   602.3  35    517.3  0.461    13.2    3.0
FRB 387   279.9  35    194.9  0.140    84.1    2.0
FRB 388   531.3  35    446.3  0.403    12.1    2.0
FRB 389   645.5  35    560.5  0.520    13.4    0.0
FRB 390  1565.6  35   1480.6  -1.000    12.5    4.0
FRB 391   574.9  35    489.9  0.658    26.8    4.0
FRB 392   790.6  35    705.6  0.237    24.8    2.0
FRB 393   275.7  35    190.7  0.204    23.8    2.0
FRB 394   371.0  35    286.0  0.321    11.4    3.0
FRB 395   372.6  35    287.6  0.309    16.1    1.0
FRB 396   693.5  35    608.5  0.612    29.8    3.0
FRB 397   453.3  35    368.3  0.192    18.7    3.0
FRB 398   210.2  35    125.2  0.044     9.5    1.0
FRB 399   697.0  35    612.0  0.894    26.5    2.0
FRB 400   926.9  35    841.9  0.838    11.9    3.0
FRB 401   834.8  35    749.8  0.645    30.5    3.0
FRB 402   373.4  35    288.4  0.004    24.4    2.0
FRB 403   759.4  35    674.4  0.341    15.4    2.0
FRB 404   685.1  35    600.1  0.558    31.2    2.0
FRB 405   663.1  35    578.1  0.353    12.8    1.0
FRB 406   195.0  35    110.0  0.091    11.8    0.0
FRB 407   664.0  35    579.0  0.654    16.4    1.0
FRB 408   272.3  35    187.3  0.245    11.7    2.0
FRB 409  1183.7  35   1098.7  -1.000    14.3    2.0
FRB 410   324.3  35    239.3  0.056    14.4    2.0
FRB 411   792.6  35    707.6  0.228    12.3    1.0
FRB 412   258.5  35    173.5  0.235    10.7    4.0
FRB 413   413.9  35    328.9  0.213    12.6    4.0
FRB 414  1163.8  35   1078.8  -1.000    13.0    3.0
FRB 415   334.2  35    249.2  0.053    20.5    1.0
FRB 416   491.4  35    406.4  0.449    31.3    1.0
FRB 417   581.0  35    496.0  0.066    18.5    2.0
FRB 418   385.0  35    300.0  0.279     9.6    2.0
FRB 419   414.4  35    329.4  0.200    45.2    3.0
FRB 420  1656.5  35   1571.5  -1.000     9.7    1.0
FRB 421   981.8  35    896.8  1.185    17.2    2.0
FRB 422   762.9  35    677.9  0.908    14.5    2.0
FRB 423   449.3  35    364.3  0.270    26.5    2.0
FRB 424   168.8  35     83.8  0.075    11.3    3.0
FRB 425   743.0  35    658.0  0.073    12.4    1.0
FRB 426  1134.8  35   1049.8  -1.000    43.6    3.0
FRB 427   608.6  35    523.6  0.302    24.9    1.0
FRB 428  1243.2  35   1158.2  -1.000    15.4    2.0
FRB 429   883.8  35    798.8  1.045    30.9    3.0
FRB 430   142.4  35     57.4  0.035    14.6    3.0
FRB 431   258.4  35    173.4  0.099    29.1    4.0
FRB 432  1115.8  35   1030.8  -1.000    11.2    2.0
FRB 433  1267.0  35   1182.0  -1.000    16.4    1.0
FRB 434   664.0  35    579.0  0.603    11.5    1.0
FRB 435   470.3  35    385.3  0.025    14.5    5.0
FRB 436   332.1  35    247.1  0.082    23.8    3.0
FRB 437  1252.2  35   1167.2  -1.000     9.6    0.0
FRB 438   460.4  35    375.4  0.534    43.5    2.0
FRB 439   712.8  35    627.8  0.189    13.7    2.0
FRB 440   335.6  35    250.6  0.168    18.2    3.0
FRB 441   511.7  35    426.7  0.615    36.4    4.0
FRB 442   770.7  35    685.7  0.632    24.2    2.0
FRB 443   247.6  35    162.6  0.173    13.7    0.0
FRB 444   679.0  35    594.0  0.301    20.5    2.0
FRB 445   417.8  35    332.8  0.323    10.0    2.0
FRB 446   612.9  35    527.9  0.682     9.9    2.0
FRB 447   333.6  35    248.6  0.224    16.6    5.0
FRB 448   397.1  35    312.1  0.485    19.5    4.0
FRB 449   236.8  35    151.8  0.096    12.0    2.0
FRB 450   683.3  35    598.3  0.307    31.4    4.0
FRB 451   795.5  35    710.5  0.975    11.7    0.0
FRB 452   710.5  35    625.5  0.530    10.8    2.0
FRB 453   760.1  35    675.1  0.727    11.9    2.0
FRB 454   432.6  35    347.6  0.054    36.2    3.0
FRB 455  1042.9  35    957.9  0.943    11.3    1.0
FRB 456   171.3  35     86.3  0.029    45.2    2.0
FRB 457   240.6  35    155.6  0.093    15.8    4.0
FRB 458   192.5  35    107.5  0.062   1570.3    1.0
FRB 459   813.8  35    728.8  0.802    11.3    4.0
FRB 460   909.3  35    824.3  0.555    21.1    2.0
FRB 461   281.9  35    196.9  0.134    73.3    2.0
FRB 462   310.7  35    225.7  0.174    15.7    3.0
FRB 463   757.3  35    672.3  0.639     9.7    3.0
FRB 464   285.1  35    200.1  0.289    57.9    2.0
FRB 465   816.0  35    731.0  1.103    36.7    3.0
FRB 466   428.8  35    343.8  0.213    14.2    2.0
FRB 467   736.5  35    651.5  0.659     9.8    1.0
FRB 468   223.6  35    138.6  0.109    37.3    2.0
FRB 469   610.0  35    525.0  0.366    22.0    0.0
FRB 470   204.3  35    119.3  0.153    16.8    2.0
FRB 471   410.0  35    325.0  0.462    14.3    4.0
FRB 472   365.5  35    280.5  0.314    45.3    4.0
FRB 473   152.2  35     67.2  0.011    40.7    3.0
FRB 474   636.2  35    551.2  0.519    10.2    3.0
FRB 475   974.9  35    889.9  0.545    21.2    4.0
FRB 476   294.5  35    209.5  0.123    61.0    3.0
FRB 477   413.2  35    328.2  0.411    10.9    1.0
FRB 478   659.3  35    574.3  0.748    18.6    3.0
FRB 479   542.8  35    457.8  0.581    10.7    4.0
FRB 480   426.4  35    341.4  0.415    15.2    2.0
FRB 481   315.0  35    230.0  0.319    24.3    2.0
FRB 482  1899.0  35   1814.0  -1.000    26.8    0.0
FRB 483   447.0  35    362.0  0.249    12.0    2.0
FRB 484   936.3  35    851.3  0.808    13.8    3.0
FRB 485   620.4  35    535.4  0.502    22.3    2.0
FRB 486   732.9  35    647.9  0.824    10.8    2.0
FRB 487   335.6  35    250.6  0.107    12.0    3.0
FRB 488   956.5  35    871.5  0.056    10.5    3.0
FRB 489   373.1  35    288.1  0.435     9.9    2.0
FRB 490  1314.0  35   1229.0  -1.000    19.9    3.0
FRB 491   230.9  35    145.9  0.154    15.0    3.0
FRB 492  1174.3  35   1089.3  -1.000    21.0    2.0
FRB 493   549.2  35    464.2  0.690    16.9    2.0
FRB 494   712.7  35    627.7  0.733    25.0    2.0
FRB 495   336.7  35    251.7  0.211    12.7    2.0
FRB 496   900.7  35    815.7  0.121    11.8    3.0
FRB 497   310.4  35    225.4  0.006    31.6    4.0
FRB 498   648.7  35    563.7  0.732    11.1    0.0
FRB 499   721.1  35    636.1  0.728    55.2    2.0
FRB 500   441.1  35    356.1  0.139    20.3    3.0
FRB 501   141.3  35     56.3  0.035    22.6    4.0
FRB 502  1630.5  35   1545.5  -1.000    36.2    1.0
FRB 503  1633.3  35   1548.3  -1.000    13.6    2.0
FRB 504   910.8  35    825.8  0.058    33.9    5.0
FRB 505  3274.4  35   3189.4  -1.000    12.7    3.0
FRB 506   247.8  35    162.8  0.001    26.2    4.0
FRB 507   766.0  35    681.0  0.380     9.6    2.0
FRB 508   604.5  35    519.5  0.764    12.1    1.0
FRB 509   548.0  35    463.0  0.576    10.5    3.0
FRB 510   672.5  35    587.5  0.665    10.8    2.0
FRB 511   557.1  35    472.1  0.309    10.1    3.0
FRB 512   162.6  35     77.6  0.039    53.4    6.0
FRB 513   828.3  35    743.3  0.704    14.1    2.0
FRB 514   541.3  35    456.3  0.647    39.5    3.0
FRB 515   344.5  35    259.5  0.429    16.8    2.0
FRB 516  1207.3  35   1122.3  -1.000    14.9    0.0
FRB 517   831.2  35    746.2  1.051    13.6    2.0
FRB 518   320.8  35    235.8  0.370    31.6    2.0
FRB 519   495.1  35    410.1  0.314    10.0    1.0
FRB 520   459.8  35    374.8  0.410    17.3    2.0
FRB 521   774.7  35    689.7  0.582    36.6    3.0
FRB 522   361.4  35    276.4  0.214    11.0    4.0
FRB 523  1267.9  35   1182.9  -1.000    14.4    3.0
FRB 524   448.9  35    363.9  0.111    12.1    3.0
FRB 525   767.7  35    682.7  0.602    10.7    3.0
FRB 526   249.3  35    164.3  0.248    10.6    4.0
FRB 527   604.2  35    519.2  0.387    16.4    3.0
FRB 528   555.2  35    470.2  0.086    15.4    2.0
FRB 529   176.0  35     91.0  0.004    30.7    2.0
FRB 530   305.4  35    220.4  0.173    28.9    3.0
FRB 531   899.9  35    814.9  1.035    50.9    3.0
FRB 532  1364.9  35   1279.9  -1.000    10.5    1.0
FRB 533   620.8  35    535.8  0.285    12.7    1.0
FRB 534   298.6  35    213.6  0.174    15.9    3.0
FRB 535   463.9  35    378.9  0.066    16.1    2.0
FRB 536   536.4  35    451.4  0.590    19.1    2.0
FRB 537   852.6  35    767.6  0.640     9.6    3.0
FRB 538   871.7  35    786.7  0.579    17.1    1.0
FRB 539   702.6  35    617.6  0.871     9.6    3.0
FRB 540   256.3  35    171.3  0.037     9.9    1.0
FRB 541   786.2  35    701.2  0.515    57.6    2.0
FRB 542   410.2  35    325.2  0.289    20.2    2.0
FRB 543   555.5  35    470.5  0.561    18.9    2.0
FRB 544   721.4  35    636.4  0.660    14.0    2.0
FRB 545   709.7  35    624.7  0.622    26.3    3.0
FRB 546   184.3  35     99.3  0.060    13.0    3.0
FRB 547   840.9  35    755.9  0.971    12.4    4.0
FRB 548   147.5  35     62.5  0.035    29.2    1.0
FRB 549  1292.1  35   1207.1  -1.000    11.1    1.0
FRB 550  1238.1  35   1153.1  -1.000    10.7    3.0
FRB 551   252.3  35    167.3  0.226    11.1    2.0
FRB 552  1409.0  35   1324.0  -1.000    18.7    0.0
FRB 553   483.0  35    398.0  0.568    11.5    3.0
FRB 554   975.8  35    890.8  0.940    22.6    3.0
FRB 555  1442.0  35   1357.0  -1.000    53.4    3.0
FRB 556   602.1  35    517.1  0.330    25.0    4.0
FRB 557  1496.8  35   1411.8  -1.000    12.8    1.0
FRB 558   466.8  35    381.8  0.131    12.2    1.0
FRB 559   524.6  35    439.6  0.302    10.4    1.0
FRB 560   695.1  35    610.1  0.757    11.0    3.0
FRB 561   932.2  35    847.2  0.808    15.6    2.0
FRB 562   585.2  35    500.2  0.620    29.9    1.0
FRB 563  1630.3  35   1545.3  -1.000    20.0    3.0
FRB 564   234.1  35    149.1  0.015    47.9    3.0
FRB 565   477.5  35    392.5  0.355    18.4    4.0
FRB 566   648.1  35    563.1  0.353    13.5    2.0
FRB 567   436.8  35    351.8  0.428    17.0    1.0
FRB 568   155.5  35     70.5  0.084    11.7    3.0
FRB 569   870.1  35    785.1  0.792    38.6    1.0
FRB 570   694.1  35    609.1  0.379    46.3    2.0
FRB 571   743.2  35    658.2  0.486    25.4    3.0
FRB 572   264.5  35    179.5  0.283    17.8    3.0
FRB 573   315.5  35    230.5  0.062    11.5    0.0
FRB 574   719.5  35    634.5  0.175    10.5    1.0
FRB 575   667.2  35    582.2  0.398    38.5    2.0
FRB 576   295.5  35    210.5  0.222    31.2    2.0
FRB 577   488.0  35    403.0  0.240    11.2    5.0
FRB 578  1189.7  35   1104.7  -1.000    21.7    2.0
FRB 579   389.2  35    304.2  0.371    13.6    2.0
FRB 580  1355.1  35   1270.1  -1.000    15.2    2.0
FRB 581  1040.4  35    955.4  1.218    12.6    3.0
FRB 582   451.4  35    366.4  0.150    54.4    3.0
FRB 583   458.8  35    373.8  0.280    11.5    2.0
FRB 584   177.1  35     92.1  0.021    10.2    2.0
FRB 585  1269.5  35   1184.5  -1.000    30.4    2.0
FRB 586   526.0  35    441.0  0.386    14.7    2.0
FRB 587   555.4  35    470.4  0.213    15.7    3.0
FRB 588   294.1  35    209.1  0.237    13.0    2.0
FRB 589   565.6  35    480.6  0.249   138.1    3.0
FRB 590   745.6  35    660.6  0.609    11.3    2.0
FRB 591   137.7  35     52.7  0.039    18.6    3.0
FRB 592   164.4  35     79.4  0.023    28.5    2.0
FRB 593   728.5  35    643.5  0.677   112.4    2.0
FRB 594   932.9  35    847.9  1.032    12.7    2.0
FRB 595   584.8  35    499.8  0.393    32.7    1.0
FRB 596   827.9  35    742.9  0.724    17.1    2.0
FRB 597  1155.2  35   1070.2  -1.000    11.5    3.0
FRB 598   338.2  35    253.2  0.196    11.7    1.0
FRB 599   321.3  35    236.3  0.211    12.0    1.0
FRB 600   254.9  35    169.9  0.121    22.5    0.0
FRB 601   900.0  35    815.0  0.074    11.1    2.0
FRB 602  1230.6  35   1145.6  -1.000    27.2    3.0
FRB 603   514.7  35    429.7  0.572    10.1    4.0
FRB 604   690.0  35    605.0  0.289    50.5    2.0
FRB 605   597.2  35    512.2  0.551    13.6    2.0
FRB 606  1170.2  35   1085.2  -1.000    10.0    3.0
FRB 607   837.3  35    752.3  0.854    22.9    2.0
FRB 608  1684.5  35   1599.5  -1.000    19.8    2.0
FRB 609   357.6  35    272.6  0.365    22.9    2.0
FRB 610   276.7  35    191.7  0.062    16.6    2.0
FRB 611   760.6  35    675.6  0.660    12.3    3.0
FRB 612   918.0  35    833.0  0.539    28.7    1.0
FRB 613   240.9  35    155.9  0.046    10.3    3.0
FRB 614   260.7  35    175.7  0.219    45.5    1.0
FRB 615   677.2  35    592.2  0.505    10.8    1.0
FRB 616   209.9  35    124.9  0.082    18.2    2.0
FRB 617   310.7  35    225.7  0.090    20.1    4.0
FRB 618   446.4  35    361.4  0.451    14.8    3.0
FRB 619   317.7  35    232.7  0.127    19.0    4.0
FRB 620   707.9  35    622.9  0.602    47.8    3.0
FRB 621   803.4  35    718.4  0.823    16.0    4.0
FRB 622   289.2  35    204.2  0.015    27.0    2.0
FRB 623   798.0  35    713.0  0.395    11.0    4.0
FRB 624  2194.0  35   2109.0  -1.000    35.0    1.0
FRB 625   787.9  35    702.9  0.811    11.7    2.0
FRB 626   746.2  35    661.2  0.410    30.9    2.0
FRB 627   549.0  35    464.0  0.553    10.1    3.0
FRB 628   443.6  35    358.6  0.471    10.3    2.0
FRB 629   321.7  35    236.7  0.227    35.1    3.0
FRB 630   390.3  35    305.3  0.190    11.5    2.0
FRB 631   840.1  35    755.1  0.438    12.7    2.0
FRB 632   655.9  35    570.9  0.564    45.9    4.0
FRB 633   286.6  35    201.6  0.206    35.2    4.0
FRB 634   290.3  35    205.3  0.285    12.5    3.0
FRB 635   441.3  35    356.3  0.362    55.5    2.0
FRB 636   682.4  35    597.4  0.817     9.7    2.0
FRB 637   643.8  35    558.8  0.409     9.9    3.0
FRB 638   267.3  35    182.3  0.058    73.3    2.0
FRB 639   615.6  35    530.6  0.789    26.6    3.0
FRB 640   298.9  35    213.9  0.059    10.2    3.0
FRB 641   550.9  35    465.9  0.067    14.3    3.0
FRB 642   669.6  35    584.6  0.596    12.9    2.0
FRB 643   404.4  35    319.4  0.363    17.4    1.0
FRB 644   164.1  35     79.1  0.109    14.9    2.0
FRB 645   576.1  35    491.1  0.622    13.2    2.0
FRB 646   731.0  35    646.0  0.773    40.8    2.0
FRB 647   790.0  35    705.0  0.247   181.5    1.0
FRB 648   498.7  35    413.7  0.103    10.4    2.0
FRB 649   212.0  35    127.0  0.088    38.8    1.0
FRB 650   888.0  35    803.0  1.048    17.2    2.0
FRB 651   256.6  35    171.6  0.090    11.4    4.0
FRB 652   170.6  35     85.6  0.002   211.3    3.0
FRB 653   451.8  35    366.8  0.212    22.7    2.0
FRB 654   349.2  35    264.2  0.405    16.9    2.0
FRB 655   665.9  35    580.9  0.411    44.9    2.0
FRB 656   490.2  35    405.2  0.360   151.3    1.0
FRB 657   348.9  35    263.9  0.192    13.0    3.0
FRB 658   269.5  35    184.5  0.185    14.0    2.0
FRB 659   393.2  35    308.2  0.430   121.8    0.0
FRB 660   381.9  35    296.9  0.377    10.8    3.0
FRB 661  1240.7  35   1155.7  -1.000    11.7    3.0
FRB 662   804.5  35    719.5  0.893    10.3    2.0
FRB 663   852.8  35    767.8  0.611    17.7    1.0
FRB 664   961.5  35    876.5  0.840    11.6    4.0
FRB 665   710.4  35    625.4  0.963    17.3    2.0
FRB 666   211.9  35    126.9  0.001    17.5    2.0
FRB 667   665.2  35    580.2  0.289    17.6    4.0
FRB 668   718.8  35    633.8  0.428    13.2    3.0
FRB 669   872.0  35    787.0  0.882    25.2    1.0
FRB 670   851.1  35    766.1  0.841    17.0    1.0
FRB 671   575.8  35    490.8  0.405    12.3    2.0
FRB 672  1175.0  35   1090.0  -1.000    12.4    1.0
FRB 673  1042.5  35    957.5  1.379    12.6    2.0
FRB 674  1058.1  35    973.1  0.656    12.8    3.0
FRB 675  1037.4  35    952.4  0.891    11.2    2.0
FRB 676   767.2  35    682.2  0.520    10.8    2.0
FRB 677   286.6  35    201.6  0.106    13.4    2.0
FRB 678   326.5  35    241.5  0.225    23.6    3.0
FRB 679   209.7  35    124.7  0.082   107.5    2.0
FRB 680   933.9  35    848.9  1.038     9.7    0.0
FRB 681   732.5  35    647.5  0.259    10.4    3.0
FRB 682  1421.7  35   1336.7  -1.000    10.6    3.0
FRB 683   693.7  35    608.7  0.953     9.7    1.0
FRB 684   274.0  35    189.0  0.093    30.8    1.0
FRB 685   473.8  35    388.8  0.376    21.1    3.0
FRB 686  1140.8  35   1055.8  -1.000    11.8    3.0
FRB 687   535.0  35    450.0  0.639    11.2    3.0
FRB 688   538.1  35    453.1  0.625    10.0    4.0
FRB 689   999.2  35    914.2  0.764    15.7    3.0
FRB 690   336.4  35    251.4  0.173    24.3    4.0
FRB 691  1094.2  35   1009.2  -1.000    17.3    3.0
FRB 692  1100.1  35   1015.1  -1.000     9.9    1.0
FRB 693   916.1  35    831.1  0.021    13.0    1.0
FRB 694   490.1  35    405.1  0.108    13.1    2.0
FRB 695   477.3  35    392.3  0.463    10.9    2.0
FRB 696   546.9  35    461.9  0.638    64.9    2.0
FRB 697   699.7  35    614.7  0.732    12.3    2.0
FRB 698  1035.4  35    950.4  0.729    11.4    3.0
FRB 699   588.4  35    503.4  0.488    16.7    2.0
FRB 700   566.0  35    481.0  0.395    16.0    2.0
FRB 701  1153.4  35   1068.4  -1.000    22.8    2.0
FRB 702   385.4  35    300.4  0.267    14.1    1.0
FRB 703   870.9  35    785.9  0.786    86.3    2.0
FRB 704   264.6  35    179.6  0.165    21.3    2.0
FRB 705   688.2  35    603.2  0.040    24.1    2.0
FRB 706   790.3  35    705.3  0.906    32.1    2.0
FRB 707   988.5  35    903.5  0.349    11.8    5.0
FRB 708   245.5  35    160.5  0.146    12.5    2.0
FRB 709   213.2  35    128.2  0.114    13.0    0.0
FRB 710   826.7  35    741.7  0.842    64.9    2.0
FRB 711   178.8  35     93.8  0.066    12.7    4.0
FRB 712   359.6  35    274.6  0.052    16.9    4.0
FRB 713   223.1  35    138.1  0.006    13.0    0.0
FRB 714   293.4  35    208.4  0.125    15.2    1.0
FRB 715   628.0  35    543.0  0.429    15.2    2.0
FRB 716  1077.4  35    992.4  0.967    11.2    2.0
FRB 717   454.2  35    369.2  0.564    13.4    0.0
FRB 718   307.8  35    222.8  0.290    29.0    2.0
FRB 719   357.4  35    272.4  0.054    16.8    2.0
FRB 720  1249.0  35   1164.0  -1.000    17.4    3.0
FRB 721   887.0  35    802.0  0.859    30.8    2.0
FRB 722   338.0  35    253.0  0.191    34.2    1.0
FRB 723   861.9  35    776.9  0.624     9.8    2.0
FRB 724   768.6  35    683.6  0.795    16.0    2.0
FRB 725   122.7  35     37.7  0.027    18.5    2.0
FRB 726   388.3  35    303.3  0.015    14.5    2.0
FRB 727   621.2  35    536.2  0.272    11.1    3.0
FRB 728   240.9  35    155.9  0.119    10.3    1.0
FRB 729   460.6  35    375.6  0.352    14.8    2.0
FRB 730   305.5  35    220.5  0.241    76.9    2.0
FRB 731   648.0  35    563.0  0.622    10.7    1.0
FRB 732   300.4  35    215.4  0.204    21.6    1.0
FRB 733   384.0  35    299.0  0.320    85.8    0.0
FRB 734   195.0  35    110.0  0.034    18.3    2.0
FRB 735   346.1  35    261.1  0.382    11.8    4.0
FRB 736   790.2  35    705.2  0.219    10.8    3.0
FRB 737   352.3  35    267.3  0.428    20.9    2.0
FRB 738   110.9  35     25.9  0.005    22.9    3.0
FRB 739   388.6  35    303.6  0.361    23.4    0.0
FRB 740   231.0  35    146.0  0.059    22.8    0.0
FRB 741   622.7  35    537.7  0.697    16.0    1.0
FRB 742   654.7  35    569.7  0.520    11.2    2.0
FRB 743   735.6  35    650.6  0.756    51.0    3.0
FRB 744   498.1  35    413.1  0.388    12.2    1.0
FRB 745  1273.9  35   1188.9  -1.000    12.6    3.0
FRB 746   613.3  35    528.3  0.570    13.3    2.0
FRB 747   274.0  35    189.0  0.194    14.8    2.0
FRB 748   499.7  35    414.7  0.352    13.6    1.0
FRB 749   283.2  35    198.2  0.127    16.2    4.0
FRB 750  1151.5  35   1066.5  -1.000    14.7    3.0
FRB 751   332.0  35    247.0  0.168     9.9    2.0
FRB 752   627.6  35    542.6  0.367    15.8    2.0
FRB 753   784.7  35    699.7  0.964    14.0    3.0
FRB 754   212.1  35    127.1  0.085    10.9    1.0
FRB 755   952.1  35    867.1  0.321    11.2    4.0
FRB 756   483.8  35    398.8  0.429    13.3    2.0
FRB 757   549.0  35    464.0  0.207    26.4    1.0
FRB 758   335.0  35    250.0  0.277    26.0    1.0
FRB 759   765.5  35    680.5  0.235    13.5    2.0
FRB 760   535.3  35    450.3  0.011     9.8    4.0
FRB 761   407.3  35    322.3  0.205    25.4    0.0
FRB 762   425.8  35    340.8  0.401    14.1    3.0
FRB 763   587.2  35    502.2  0.739    22.6    2.0
FRB 764   726.9  35    641.9  0.756    13.5    2.0
FRB 765   469.9  35    384.9  0.292    12.3    1.0
FRB 766   279.5  35    194.5  0.093    11.3    2.0
FRB 767   264.3  35    179.3  0.268    43.0    4.0
FRB 768   523.9  35    438.9  0.569    13.3    2.0
FRB 769   435.5  35    350.5  0.052    36.0    1.0
FRB 770   965.5  35    880.5  1.083     9.5    2.0
FRB 771   788.5  35    703.5  0.881    10.0    3.0
FRB 772   307.4  35    222.4  0.318    14.4    3.0
FRB 773   203.1  35    118.1  0.043    29.3    4.0
FRB 774   886.8  35    801.8  0.517    11.0    3.0
FRB 775   688.4  35    603.4  0.246    38.2    2.0
FRB 776   759.5  35    674.5  0.733    29.5    3.0
FRB 777  1653.3  35   1568.3  -1.000    31.6    3.0
FRB 778   166.2  35     81.2  0.023    32.1    2.0
FRB 779   495.1  35    410.1  0.367   138.6    3.0
FRB 780   489.3  35    404.3  0.639    19.6    3.0
FRB 781   341.3  35    256.3  0.139    10.3    3.0
FRB 782   186.3  35    101.3  0.008    91.8    2.0
FRB 783   676.5  35    591.5  0.022    25.5    4.0
FRB 784   847.8  35    762.8  0.764    24.1    2.0
FRB 785  1335.2  35   1250.2  -1.000     9.9    2.0
FRB 786   331.6  35    246.6  0.175    11.6    3.0
FRB 787   704.8  35    619.8  0.209    44.4    3.0
FRB 788   578.0  35    493.0  0.544    19.6    2.0
FRB 789   555.8  35    470.8  0.674    86.0    3.0
FRB 790   294.1  35    209.1  0.179    14.9    3.0
FRB 791   836.6  35    751.6  0.486    13.3    3.0
FRB 792   130.7  35     45.7  0.012    11.8    3.0
FRB 793  1021.7  35    936.7  0.848    10.8    3.0
FRB 794   173.7  35     88.7  0.010    16.2    3.0
FRB 795   696.6  35    611.6  0.633     9.9    3.0
FRB 796   565.1  35    480.1  0.559    24.6    2.0
FRB 797   583.7  35    498.7  0.434    18.7    1.0
FRB 798  1945.0  35   1860.0  -1.000    27.0    1.0
FRB 799   463.5  35    378.5  0.502    12.0    3.0
FRB 800   442.0  35    357.0  0.209     9.9    3.0
FRB 801   643.5  35    558.5  0.440    36.2    3.0
FRB 802   317.7  35    232.7  0.221    23.7    4.0
FRB 803   252.7  35    167.7  0.238   109.4    1.0
FRB 804   645.6  35    560.6  0.576    11.2    3.0
FRB 805   417.9  35    332.9  0.006    12.6    2.0
FRB 806   143.4  35     58.4  0.077    16.1    3.0
FRB 807   488.3  35    403.3  0.038   150.7    0.0
FRB 808   540.7  35    455.7  0.098    96.7    2.0
FRB 809   462.3  35    377.3  0.507   125.4    1.0
FRB 810   510.5  35    425.5  0.523    23.1    3.0
FRB 811   749.2  35    664.2  0.441    10.5    3.0
FRB 812   923.9  35    838.9  0.577    22.5    1.0
FRB 813   411.4  35    326.4  0.187    13.8    1.0
FRB 814  1013.6  35    928.6  0.674    12.6    2.0
FRB 815   221.8  35    136.8  0.232    23.7    3.0
FRB 816   563.2  35    478.2  0.490    19.8    1.0
FRB 817   235.1  35    150.1  0.047    17.3    2.0
FRB 818   511.3  35    426.3  0.151    18.6    4.0
FRB 819   503.8  35    418.8  0.555    13.4    3.0
FRB 820  1704.7  35   1619.7  -1.000    11.5    3.0
FRB 821   576.3  35    491.3  0.135    34.9    2.0
FRB 822   666.9  35    581.9  0.355    10.9    0.0
FRB 823   194.2  35    109.2  0.108   135.0    1.0
FRB 824   392.5  35    307.5  0.332    17.2    2.0
FRB 825  1506.3  35   1421.3  -1.000    10.7    4.0
FRB 826   692.6  35    607.6  0.840    19.4    1.0
FRB 827   820.2  35    735.2  0.914    27.7    3.0
FRB 828   251.0  35    166.0  0.001    30.7    3.0
FRB 829   540.2  35    455.2  0.362    12.9    1.0
FRB 830   883.0  35    798.0  0.174    28.4    4.0
FRB 831   834.0  35    749.0  0.594    13.4    1.0
FRB 832   479.7  35    394.7  0.518    32.4    2.0
FRB 833   747.2  35    662.2  0.573    15.9    2.0
FRB 834   588.8  35    503.8  0.317    12.6    2.0
FRB 835   481.0  35    396.0  0.363    27.0    4.0
FRB 836   584.8  35    499.8  0.661    17.7    3.0
FRB 837   582.0  35    497.0  0.601    10.3    4.0
FRB 838   320.3  35    235.3  0.330    12.2    0.0
FRB 839   316.3  35    231.3  0.081    20.0    1.0
FRB 840   168.1  35     83.1  0.044    17.6    2.0
FRB 841   548.2  35    463.2  0.304    89.8    2.0
FRB 842   226.5  35    141.5  0.120    13.1    3.0
FRB 843   636.1  35    551.1  0.482     9.7    3.0
FRB 844   439.4  35    354.4  0.421    10.3    0.0
FRB 845   660.5  35    575.5  0.761    29.6    2.0
FRB 846   220.2  35    135.2  0.118    16.9    2.0
FRB 847   759.1  35    674.1  0.682     9.7    2.0
FRB 848   422.5  35    337.5  0.163    34.2    2.0
FRB 849   494.3  35    409.3  0.256    88.7    2.0
FRB 850   926.9  35    841.9  0.184    12.4    3.0
FRB 851  3974.6  35   3889.6  -1.000    19.5    3.0
FRB 852   841.7  35    756.7  0.950    20.6    3.0
FRB 853   834.1  35    749.1  1.074     9.6    1.0
FRB 854   177.3  35     92.3  0.076    15.2    1.0
FRB 855   808.5  35    723.5  0.605    60.5    3.0
FRB 856  1221.8  35   1136.8  -1.000    14.4    2.0
FRB 857   316.1  35    231.1  0.143    40.7    2.0
FRB 858   829.9  35    744.9  0.529    11.3    3.0
FRB 859   617.3  35    532.3  0.073    20.8    1.0
FRB 860   695.5  35    610.5  0.551     9.7    5.0
FRB 861   960.9  35    875.9  0.930    11.4    2.0
FRB 862   265.0  35    180.0  0.261    21.6    3.0
FRB 863   721.7  35    636.7  0.443    10.9    2.0
FRB 864   905.3  35    820.3  0.578    19.0    3.0
FRB 865   303.3  35    218.3  0.286    12.1    1.0
FRB 866   537.3  35    452.3  0.154    50.2    2.0
FRB 867   890.4  35    805.4  0.280    10.8    3.0
FRB 868  1507.7  35   1422.7  -1.000    13.1    0.0
FRB 869   518.5  35    433.5  0.431    17.3    4.0
FRB 870   792.9  35    707.9  0.267    16.4    3.0
FRB 871   991.6  35    906.6  1.048    14.6    3.0
FRB 872   445.7  35    360.7  0.233    18.0    2.0
FRB 873   602.2  35    517.2  0.576    10.9    2.0
FRB 874   609.1  35    524.1  0.672    14.2    2.0
FRB 875   320.5  35    235.5  0.253    10.1    1.0
FRB 876   275.1  35    190.1  0.102    26.5    1.0
FRB 877   486.1  35    401.1  0.308    12.0    3.0
FRB 878   825.5  35    740.5  0.403    15.0    2.0
FRB 879   343.5  35    258.5  0.208    77.5    2.0
FRB 880   463.5  35    378.5  0.332    12.3    4.0
FRB 881   750.4  35    665.4  0.771    15.5    2.0
FRB 882  1211.9  35   1126.9  -1.000    19.4    1.0
FRB 883   606.5  35    521.5  0.233    26.8    4.0
FRB 884  1022.9  35    937.9  1.017    10.1    3.0
FRB 885   373.8  35    288.8  0.183    18.7    2.0
FRB 886   466.2  35    381.2  0.419    23.2    3.0
FRB 887   813.9  35    728.9  0.861    14.9    2.0
FRB 888   320.2  35    235.2  0.286    14.8    3.0
FRB 889   410.5  35    325.5  0.299    14.8    2.0
FRB 890   726.7  35    641.7  0.357    91.4    3.0
FRB 891   638.0  35    553.0  0.688    24.3    2.0
FRB 892   958.2  35    873.2  1.183    29.6    2.0
FRB 893   219.7  35    134.7  0.081   256.9    4.0
FRB 894   281.6  35    196.6  0.104    34.4    2.0
FRB 895   617.0  35    532.0  0.805    15.9    3.0
FRB 896   214.3  35    129.3  0.165    14.1    1.0
FRB 897   628.0  35    543.0  0.664    35.3    2.0
FRB 898   901.2  35    816.2  0.263    52.7    1.0
FRB 899  1135.6  35   1050.6  -1.000    15.9    3.0
FRB 900   283.7  35    198.7  0.115    12.7    2.0
FRB 901   296.2  35    211.2  0.095    12.9    3.0
FRB 902   842.8  35    757.8  0.556    36.8    3.0
FRB 903   756.8  35    671.8  0.850     9.5    4.0
FRB 904   243.5  35    158.5  0.094    13.9    2.0
FRB 905   287.0  35    202.0  0.066    50.4    2.0
FRB 906  1194.7  35   1109.7  -1.000    19.5    1.0
FRB 907   751.0  35    666.0  0.430    15.7    3.0
FRB 908   514.0  35    429.0  0.409    10.7    3.0
FRB 909   601.6  35    516.6  0.694    29.7    2.0
FRB 910  1539.6  35   1454.6  -1.000     9.7    2.0
FRB 911   458.3  35    373.3  0.468    47.4    3.0
FRB 912   195.5  35    110.5  0.116    12.1    2.0
FRB 913  1280.2  35   1195.2  -1.000    12.3    2.0
FRB 914   209.1  35    124.1  0.068    17.7    4.0
FRB 915   557.1  35    472.1  0.242    86.9    2.0
FRB 916   974.5  35    889.5  0.913    10.8    0.0
FRB 917   726.2  35    641.2  0.595    12.5    2.0
FRB 918   464.8  35    379.8  0.353    36.8    2.0
FRB 919   463.6  35    378.6  0.327    19.6    3.0
FRB 920   433.2  35    348.2  0.310    21.6    2.0
FRB 921   538.4  35    453.4  0.260    10.3    2.0
FRB 922   678.1  35    593.1  0.241    38.3    3.0
FRB 923   465.5  35    380.5  0.255    74.0    1.0
FRB 924   249.3  35    164.3  0.114    35.6    3.0
FRB 925   202.7  35    117.7  0.147    16.5    0.0
FRB 926   391.3  35    306.3  0.134    15.4    3.0
FRB 927   697.8  35    612.8  0.587     9.6    3.0
FRB 928   482.1  35    397.1  0.558    24.3    0.0
FRB 929   627.0  35    542.0  0.530    11.3    1.0
FRB 930   340.6  35    255.6  0.298    19.7    2.0
FRB 931   300.5  35    215.5  0.144    51.3    3.0
FRB 932   337.9  35    252.9  0.239    23.1    3.0
FRB 933   661.3  35    576.3  0.688    10.2    0.0
FRB 934   181.0  35     96.0  0.075     9.9    2.0
FRB 935   569.3  35    484.3  0.192    24.3    3.0
FRB 936   987.3  35    902.3  1.334    21.3    3.0
FRB 937   157.4  35     72.4  0.072    11.6    0.0
FRB 938   396.1  35    311.1  0.172    12.7    5.0
FRB 939  1014.8  35    929.8  1.454    22.5    3.0
FRB 940   725.6  35    640.6  0.845     9.6    3.0
FRB 941   304.6  35    219.6  0.164    22.5    3.0
FRB 942   301.5  35    216.5  0.093    38.9    3.0
FRB 943  2312.8  35   2227.8  -1.000    24.2    1.0
FRB 944   656.4  35    571.4  0.469    12.2    1.0
FRB 945   476.3  35    391.3  0.246    24.2    2.0
FRB 946   694.6  35    609.6  0.864    39.2    1.0
FRB 947   349.0  35    264.0  0.162    19.5    1.0
FRB 948   449.9  35    364.9  0.163    43.6    2.0
FRB 949   133.9  35     48.9  0.019    20.0    2.0
FRB 950  1115.8  35   1030.8  -1.000    14.1    2.0
FRB 951   670.8  35    585.8  0.771    15.1    3.0
FRB 952   815.7  35    730.7  0.547    20.8    1.0
FRB 953   340.2  35    255.2  0.218    22.4    3.0
FRB 954   907.0  35    822.0  0.503    16.6    3.0
FRB 955   475.3  35    390.3  0.439    14.2    4.0
FRB 956  1150.8  35   1065.8  -1.000    15.9    3.0
FRB 957   761.2  35    676.2  0.594    13.2    4.0
FRB 958   504.3  35    419.3  0.263    12.5    2.0
FRB 959   401.0  35    316.0  0.219    94.4    1.0
FRB 960  1118.9  35   1033.9  -1.000    11.8    3.0
FRB 961   561.3  35    476.3  0.715    23.6    1.0
FRB 962   736.3  35    651.3  0.491    27.5    3.0
FRB 963   204.9  35    119.9  0.115    12.5    3.0
FRB 964   961.1  35    876.1  0.408    10.1    1.0
FRB 965   497.6  35    412.6  0.566    11.1    4.0
FRB 966   684.4  35    599.4  0.557    23.3    2.0
FRB 967   372.3  35    287.3  0.034   284.3    3.0
FRB 968   498.1  35    413.1  0.477    13.9    3.0
FRB 969   514.8  35    429.8  0.128    11.1    2.0
FRB 970   245.0  35    160.0  0.230    28.8    5.0
FRB 971   273.3  35    188.3  0.105   235.4    5.0
FRB 972   833.7  35    748.7  0.069    13.8    2.0
FRB 973  1097.8  35   1012.8  -1.000    13.9    1.0
FRB 974   631.5  35    546.5  0.223    10.5    5.0
FRB 975   252.9  35    167.9  0.237    20.9    0.0
FRB 976   305.3  35    220.3  0.093    29.1    3.0
FRB 977   437.5  35    352.5  0.337    13.2    1.0
FRB 978   826.1  35    741.1  0.790    14.3    2.0
FRB 979   176.6  35     91.6  0.109    18.6    2.0
FRB 980   520.4  35    435.4  0.348    16.6    3.0
FRB 981   401.3  35    316.3  0.104    24.2    1.0
FRB 982   734.0  35    649.0  0.423    19.9    0.0
FRB 983   656.7  35    571.7  0.803    12.0    4.0
FRB 984   454.7  35    369.7  0.553    10.6    2.0
FRB 985   693.3  35    608.3  0.791    13.2    1.0
FRB 986   729.1  35    644.1  0.889     9.9    2.0
FRB 987  1296.8  35   1211.8  -1.000    13.1    2.0
FRB 988   632.8  35    547.8  0.422    28.9    1.0
FRB 989   171.4  35     86.4  0.028    14.9    1.0
FRB 990  1119.5  35   1034.5  -1.000    24.1    3.0
FRB 991  3075.0  35   2990.0  -1.000    10.2    3.0
FRB 992   152.4  35     67.4  0.007    17.3    3.0
FRB 993   854.9  35    769.9  0.324    11.9    4.0
FRB 994   440.5  35    355.5  0.293    33.2    2.0
FRB 995   222.4  35    137.4  0.146     9.5    2.0
FRB 996   332.0  35    247.0  0.055    12.5    3.0
FRB 997   674.8  35    589.8  0.523    19.6    1.0
FRB 998   269.0  35    184.0  0.019    15.6    2.0
FRB 999   501.2  35    416.2  0.003     9.6    2.0
