M003 0.0229337 6.34 0.583611
SKA073 0.0287576 16.5 0.583611
SKA069 0.0301066 26.66 0.583611
SKA065 0.0314908 36.82 0.583611
SKA074 0.0322734 46.98 0.583611
SKA064 0.0493962 57.14 0.583611
SKA062 0.0522361 67.3 0.583611
M004 0.0536792 73.64 0.583611
M002 0.0536953 79.98 0.583611
SKA080 0.0588359 90.14 0.583611
SKA057 0.0612969 100.3 0.583611
SKA072 0.0641173 110.46 0.583611
M005 0.0698553 116.8 0.583611
SKA079 0.0746996 126.96 0.583611
M000 0.0772682 133.3 0.583611
SKA053 0.0820785 143.46 0.583611
SKA078 0.084211 153.62 0.583611
SKA056 0.090197 163.78 0.583611
SKA058 0.0917585 173.94 0.583611
M029 0.0919264 180.28 0.583611
SKA052 0.0948587 190.44 0.583611
SKA075 0.0967177 200.6 0.583611
M001 0.0967796 206.94 0.583611
SKA085 0.102865 217.1 0.583611
SKA086 0.103027 227.26 0.583611
SKA068 0.104161 237.42 0.583611
M006 0.104363 243.76 0.583611
SKA071 0.105845 253.92 0.583611
SKA049 0.113596 264.08 0.583611
SKA087 0.116481 274.24 0.583611
SKA051 0.124464 284.4 0.583611
SKA082 0.124806 294.56 0.583611
SKA048 0.124825 304.72 0.583611
SKA059 0.128002 314.88 0.583611
SKA076 0.129785 325.04 0.583611
M028 0.133336 331.38 0.583611
SKA084 0.138523 341.54 0.583611
SKA055 0.144263 351.7 0.583611
SKA088 0.144646 361.86 0.583611
SKA066 0.145543 372.02 0.583611
SKA002 0.163369 382.18 0.583611
SKA050 0.164309 392.34 0.583611
SKA081 0.168282 402.5 0.583611
SKA046 0.184472 412.66 0.583611
M007 0.187911 419 0.583611
M018 0.193092 425.34 0.583611
M009 0.195283 431.68 0.583611
M020 0.200588 438.02 0.583611
SKA067 0.202723 448.18 0.583611
SKA044 0.204847 458.34 0.583611
SKA091 0.204847 468.5 0.583611
M011 0.217555 474.84 0.583611
SKA093 0.224876 485 0.583611
M027 0.230428 491.34 0.583611
M026 0.233975 497.68 0.583611
SKA003 0.235017 507.84 0.583611
M021 0.23855 514.18 0.583611
M023 0.248099 520.52 0.583611
SKA061 0.260541 530.68 0.583611
SKA047 0.264243 540.84 0.583611
SKA090 0.264533 551 0.583611
SKA094 0.264957 561.16 0.583611
M019 0.26506 567.5 0.583611
M012 0.272192 573.84 0.583611
SKA077 0.287022 584 0.583611
SKA042 0.287687 594.16 0.583611
SKA041 0.288367 604.32 0.583611
M015 0.295515 610.66 0.563869
SKA089 0.297098 620.82 0.557876
M017 0.302812 627.16 0.537021
M008 0.320781 633.5 0.478542
M010 0.34412 639.84 0.415832
SKA097 0.348738 650 0.404892
M022 0.36023 656.34 0.37947
M013 0.367855 662.68 0.363902
M042 0.369698 669.02 0.360282
M014 0.372178 675.36 0.355497
M016 0.37412 681.7 0.351816
M030 0.41843 688.04 0.281249
SKA054 0.42007 698.2 0.279058
SKA043 0.420413 708.36 0.278602
SKA095 0.421013 718.52 0.277809
SKA099 0.421498 728.68 0.27717
SKA039 0.422144 738.84 0.276322
M024 0.453134 745.18 0.239819
M025 0.453392 751.52 0.239546
M031 0.454167 757.86 0.23873
M038 0.463492 764.2 0.22922
M035 0.472106 770.54 0.220932
SKA092 0.477359 780.7 0.216096
M036 0.478902 787.04 0.214706
M034 0.480797 793.38 0.213017
M041 0.491346 799.72 0.203968
M040 0.501951 806.06 0.195441
M039 0.507463 812.4 0.191218
SKA083 0.50808 822.56 0.190754
SKA038 0.510061 832.72 0.189275
M037 0.525402 839.06 0.178383
M043 0.551129 845.4 0.162118
M047 0.578283 851.74 0.14725
SKA001 0.61451 861.9 0.130401
SKA101 0.617292 872.06 0.129228
SKA036 0.617347 882.22 0.129205
SKA098 0.622736 892.38 0.126978
M032 0.672404 898.72 0.108912
SKA063 0.743379 908.88 0.089108
SKA100 0.744814 919.04 0.088765
SKA103 0.746557 929.2 0.088351
SKA035 0.746894 939.36 0.0882713
SKA040 0.879568 949.52 0.06365
SKA045 0.899304 959.68 0.0608869
SKA102 0.901382 969.84 0.0606065
SKA104 0.902763 980 0.0604213
SKA033 0.903571 990.16 0.0603132
M051 0.945107 996.5 0.0551284
M054 0.99781 1002.84 0.0494586
M052 1.06536 1009.18 0.0433855
M053 1.0972 1015.52 0.040904
M044 1.1522 1021.86 0.0370921
SKA096 1.23822 1032.02 0.0321175
SKA030 1.24375 1042.18 0.0318325
M033 1.27161 1048.52 0.030453
SKA106 1.31132 1058.68 0.0286365
M055 1.3232 1065.02 0.0281246
SKA070 1.47322 1075.18 0.0226883
SKA029 1.53943 1085.34 0.0207787
SKA108 1.6114 1095.5 0.018964
M045 1.81175 1101.84 0.0150017
M056 1.81589 1108.18 0.0149334
SKA028 1.83355 1118.34 0.0146471
SKA037 1.90031 1128.5 0.013636
SKA109 1.90851 1138.66 0.0135191
M050 2.06386 1145 0.0115605
M061 2.11755 1151.34 0.0109817
SKA031 2.35708 1161.5 0.00886316
SKA032 2.35717 1171.66 0.00886248
SKA111 2.3663 1181.82 0.00879423
M046 2.40993 1188.16 0.00847868
M062 2.66658 1194.5 0.00692513
SKA034 2.91776 1204.66 0.00578413
SKA026 3.05526 1214.82 0.00527522
SKA114 3.11259 1224.98 0.00508269
SKA024 3.45592 1235.14 0.00412297
M057 3.50975 1241.48 0.00399747
M049 3.57741 1247.82 0.00384769
SKA060 3.61416 1257.98 0.00376984
SKA116 3.62845 1268.14 0.0037402
M063 3.70913 1274.48 0.00357926
M060 3.86275 1280.82 0.00330023
SKA117 3.88966 1290.98 0.00325472
M059 3.89241 1297.32 0.00325013
M048 3.98426 1303.66 0.003102
M058 4.10225 1310 0.00292613
SKA107 4.47925 1320.16 0.00245429
SKA023 4.61822 1330.32 0.00230881
SKA115 5.54665 1340.48 0.00160057
SKA113 5.5537 1350.64 0.00159651
SKA020 6.03462 1360.8 0.00135219
SKA118 6.36567 1370.96 0.0012152
SKA018 6.78374 1381.12 0.00107004
SKA110 6.95645 1391.28 0.00101756
SKA119 8.51436 1401.44 0.000679256
SKA017 8.54988 1411.6 0.000673623
SKA105 8.62976 1421.76 0.000661211
SKA121 10.3204 1431.92 0.000462322
SKA027 10.5415 1442.08 0.000443131
SKA015 10.5812 1452.24 0.000439812
SKA022 13.4226 1462.4 0.000273315
SKA016 13.6083 1472.56 0.000265907
SKA123 14.4327 1482.72 0.000236397
SKA014 15.6674 1492.88 0.000200606
SKA019 17.0023 1503.04 0.000170342
SKA125 17.0215 1513.2 0.000169958
SKA126 19.5981 1523.36 0.000128206
SKA025 20.5117 1533.52 0.00011704
SKA013 21.2236 1543.68 0.00010932
SKA112 24.872 1553.84 7.96005e-05
SKA128 25.339 1564 7.66935e-05
SKA012 25.855 1574.16 7.36628e-05
SKA122 30.5057 1584.32 5.29146e-05
SKA127 30.8785 1594.48 5.16446e-05
SKA010 30.9017 1604.64 5.15671e-05
SKA124 37.5657 1614.8 3.48943e-05
SKA129 38.8109 1624.96 3.26911e-05
SKA009 39.1384 1635.12 3.21463e-05
SKA120 42.851 1645.28 2.68173e-05
SKA007 48.1337 1655.44 2.12539e-05
SKA130 50.6575 1665.6 1.91889e-05
SKA021 58.091 1675.76 1.45922e-05
SKA006 59.4713 1685.92 1.39227e-05
SKA131 60.3257 1696.08 1.35311e-05
SKA132 71.5725 1706.24 9.61269e-06
SKA005 72.6958 1716.4 9.31791e-06
SKA011 72.7501 1726.56 9.30401e-06
SKA004 88.7118 1736.72 6.25712e-06
SKA133 89.9489 1746.88 6.08619e-06
SKA008 92.6948 1757.04 5.73095e-06
