M003 0.0229337 5.2 1.78731
SKA073 0.0287576 11.3 1.78731
SKA069 0.0301066 17.4 1.78731
SKA065 0.0314908 23.5 1.78731
SKA074 0.0322734 29.6 1.78731
SKA064 0.0493962 35.7 1.78731
SKA062 0.0522361 41.8 1.78731
M004 0.0536792 47 1.78731
M002 0.0536953 52.2 1.78731
SKA080 0.0588359 58.3 1.78731
SKA057 0.0612969 64.4 1.78731
SKA072 0.0641173 70.5 1.78731
M005 0.0698553 75.7 1.78731
SKA079 0.0746996 81.8 1.78731
M000 0.0772682 87 1.78731
SKA053 0.0820785 93.1 1.78731
SKA078 0.084211 99.2 1.78731
SKA056 0.090197 105.3 1.78731
SKA058 0.0917585 111.4 1.78731
M029 0.0919264 116.6 1.78731
SKA052 0.0948587 122.7 1.78731
SKA075 0.0967177 128.8 1.78731
M001 0.0967796 134 1.78731
SKA085 0.102865 140.1 1.78731
SKA086 0.103027 146.2 1.78731
SKA068 0.104161 152.3 1.78731
M006 0.104363 157.5 1.78731
SKA071 0.105845 163.6 1.78731
SKA049 0.113596 169.7 1.78731
SKA087 0.116481 175.8 1.78731
SKA051 0.124464 181.9 1.78731
SKA082 0.124806 188 1.78731
SKA048 0.124825 194.1 1.78731
SKA059 0.128002 200.2 1.78731
SKA076 0.129785 206.3 1.78731
M028 0.133336 211.5 1.78731
SKA084 0.138523 217.6 1.78731
SKA055 0.144263 223.7 1.78731
SKA088 0.144646 229.8 1.78731
SKA066 0.145543 235.9 1.78731
SKA002 0.163369 242 1.78731
SKA050 0.164309 248.1 1.78731
SKA081 0.168282 254.2 1.78731
SKA046 0.184472 260.3 1.78731
M007 0.187911 265.5 1.78731
M018 0.193092 270.7 1.78731
M009 0.195283 275.9 1.78731
M020 0.200588 281.1 1.78731
SKA067 0.202723 287.2 1.78731
SKA044 0.204847 293.3 1.78731
SKA091 0.204847 299.4 1.78731
M011 0.217555 304.6 1.78731
SKA093 0.224876 310.7 1.78731
M027 0.230428 315.9 1.78731
M026 0.233975 321.1 1.78731
SKA003 0.235017 327.2 1.78731
M021 0.23855 332.4 1.78731
M023 0.248099 337.6 1.78731
SKA061 0.260541 343.7 1.78731
SKA047 0.264243 349.8 1.78731
SKA090 0.264533 355.9 1.78731
SKA094 0.264957 362 1.78731
M019 0.26506 367.2 1.78731
M012 0.272192 372.4 1.78731
SKA077 0.287022 378.5 1.78731
SKA042 0.287687 384.6 1.78731
SKA041 0.288367 390.7 1.78731
M015 0.295515 395.9 1.72685
SKA089 0.297098 402 1.7085
M017 0.302812 407.2 1.64463
M008 0.320781 412.4 1.46553
M010 0.34412 417.6 1.27348
SKA097 0.348738 423.7 1.23998
M022 0.36023 428.9 1.16213
M013 0.367855 434.1 1.11445
M042 0.369698 439.3 1.10336
M014 0.372178 444.5 1.08871
M016 0.37412 449.7 1.07744
M030 0.41843 454.9 0.861326
SKA054 0.42007 461 0.854614
SKA043 0.420413 467.1 0.85322
SKA095 0.421013 473.2 0.85079
SKA099 0.421498 479.3 0.848833
SKA039 0.422144 485.4 0.846237
M024 0.453134 490.6 0.734446
M025 0.453392 495.8 0.733611
M031 0.454167 501 0.731109
M038 0.463492 506.2 0.701987
M035 0.472106 511.4 0.676604
SKA092 0.477359 517.5 0.661794
M036 0.478902 522.7 0.657537
M034 0.480797 527.9 0.652364
M041 0.491346 533.1 0.624653
M040 0.501951 538.3 0.598537
M039 0.507463 543.5 0.585605
SKA083 0.50808 549.6 0.584183
SKA038 0.510061 555.7 0.579654
M037 0.525402 560.9 0.546298
M043 0.551129 566.1 0.496486
M047 0.578283 571.3 0.450954
SKA001 0.61451 577.4 0.399352
SKA101 0.617292 583.5 0.39576
SKA036 0.617347 589.6 0.39569
SKA098 0.622736 595.7 0.388871
M032 0.672404 600.9 0.333544
SKA063 0.743379 607 0.272893
SKA100 0.744814 613.1 0.271843
SKA103 0.746557 619.2 0.270575
SKA035 0.746894 625.3 0.270331
SKA040 0.879568 631.4 0.194928
SKA045 0.899304 637.5 0.186466
SKA102 0.901382 643.6 0.185608
SKA104 0.902763 649.7 0.18504
SKA033 0.903571 655.8 0.184709
M051 0.945107 661 0.168831
M054 0.99781 666.2 0.151467
M052 1.06536 671.4 0.132868
M053 1.0972 676.6 0.125268
M044 1.1522 681.8 0.113595
SKA096 1.23822 687.9 0.0983598
SKA030 1.24375 694 0.0974871
M033 1.27161 699.2 0.0932622
SKA106 1.31132 705.3 0.0876993
M055 1.3232 710.5 0.0861316
SKA070 1.47322 716.6 0.0694829
SKA029 1.53943 722.7 0.0636346
SKA108 1.6114 728.8 0.0580773
M045 1.81175 734 0.0459427
M056 1.81589 739.2 0.0457335
SKA028 1.83355 745.3 0.0448568
SKA037 1.90031 751.4 0.0417604
SKA109 1.90851 757.5 0.0414023
M050 2.06386 762.7 0.035404
M061 2.11755 767.9 0.0336315
SKA031 2.35708 774 0.0271434
SKA032 2.35717 780.1 0.0271414
SKA111 2.3663 786.2 0.0269323
M046 2.40993 791.4 0.025966
M062 2.66658 796.6 0.0212082
SKA034 2.91776 802.7 0.0177139
SKA026 3.05526 808.8 0.0161554
SKA114 3.11259 814.9 0.0155657
SKA024 3.45592 821 0.0126266
M057 3.50975 826.2 0.0122422
M049 3.57741 831.4 0.0117835
SKA060 3.61416 837.5 0.0115451
SKA116 3.62845 843.6 0.0114544
M063 3.70913 848.8 0.0109615
M060 3.86275 854 0.010107
SKA117 3.88966 860.1 0.00996759
M059 3.89241 865.3 0.00995351
M048 3.98426 870.5 0.00949988
M058 4.10225 875.7 0.00896126
SKA107 4.47925 881.8 0.00751628
SKA023 4.61822 887.9 0.00707073
SKA115 5.54665 894 0.00490176
SKA113 5.5537 900.1 0.00488932
SKA020 6.03462 906.2 0.00414108
SKA118 6.36567 912.3 0.00372156
SKA018 6.78374 918.4 0.00327699
SKA110 6.95645 924.5 0.00311629
SKA119 8.51436 930.6 0.00208022
SKA017 8.54988 936.7 0.00206297
SKA105 8.62976 942.8 0.00202496
SKA121 10.3204 948.9 0.00141586
SKA027 10.5415 955 0.00135709
SKA015 10.5812 961.1 0.00134693
SKA022 13.4226 967.2 0.000837028
SKA016 13.6083 973.3 0.00081434
SKA123 14.4327 979.4 0.000723966
SKA014 15.6674 985.5 0.000614355
SKA019 17.0023 991.6 0.000521673
SKA125 17.0215 997.7 0.000520496
SKA126 19.5981 1003.8 0.000392632
SKA025 20.5117 1009.9 0.000358435
SKA013 21.2236 1016 0.000334792
SKA112 24.872 1022.1 0.000243777
SKA128 25.339 1028.2 0.000234874
SKA012 25.855 1034.3 0.000225592
SKA122 30.5057 1040.4 0.000162051
SKA127 30.8785 1046.5 0.000158162
SKA010 30.9017 1052.6 0.000157924
SKA124 37.5657 1058.7 0.000106864
SKA129 38.8109 1064.8 0.000100117
SKA009 39.1384 1070.9 9.84481e-05
SKA120 42.851 1077 8.2128e-05
SKA007 48.1337 1083.1 6.50901e-05
SKA130 50.6575 1089.2 5.8766e-05
SKA021 58.091 1095.3 4.46885e-05
SKA006 59.4713 1101.4 4.26382e-05
SKA131 60.3257 1107.5 4.14389e-05
SKA132 71.5725 1113.6 2.94389e-05
SKA005 72.6958 1119.7 2.85361e-05
SKA011 72.7501 1125.8 2.84935e-05
SKA004 88.7118 1131.9 1.91624e-05
SKA133 89.9489 1138 1.8639e-05
SKA008 92.6948 1144.1 1.7551e-05
