M003 0.0229337 5.2 1.78731
M004 0.0536792 10.4 1.78731
M002 0.0536953 15.6 1.78731
M005 0.0698553 20.8 1.78731
SKA079 0.0746996 26.9 1.78731
M000 0.0772682 32.1 1.78731
M029 0.0919264 37.3 1.78731
SKA075 0.0967177 43.4 1.78731
M001 0.0967796 48.6 1.78731
SKA068 0.104161 54.7 1.78731
M006 0.104363 59.9 1.78731
SKA049 0.113596 66 1.78731
SKA082 0.124806 72.1 1.78731
SKA048 0.124825 78.2 1.78731
M028 0.133336 83.4 1.78731
SKA055 0.144263 89.5 1.78731
SKA050 0.164309 95.6 1.78731
SKA081 0.168282 101.7 1.78731
SKA046 0.184472 107.8 1.78731
M007 0.187911 113 1.78731
M018 0.193092 118.2 1.78731
M009 0.195283 123.4 1.78731
M020 0.200588 128.6 1.78731
SKA067 0.202723 134.7 1.78731
SKA091 0.204847 140.8 1.78731
M011 0.217555 146 1.78731
M027 0.230428 151.2 1.78731
M026 0.233975 156.4 1.78731
M021 0.23855 161.6 1.78731
M023 0.248099 166.8 1.78731
SKA061 0.260541 172.9 1.78731
M019 0.26506 178.1 1.78731
M012 0.272192 183.3 1.78731
SKA077 0.287022 189.4 1.78731
SKA042 0.287687 195.5 1.78731
SKA041 0.288367 201.6 1.78731
M015 0.295515 206.8 1.72685
SKA089 0.297098 212.9 1.7085
M017 0.302812 218.1 1.64463
M008 0.320781 223.3 1.46553
M010 0.34412 228.5 1.27348
M022 0.36023 233.7 1.16213
M013 0.367855 238.9 1.11445
M042 0.369698 244.1 1.10336
M014 0.372178 249.3 1.08871
M016 0.37412 254.5 1.07744
M030 0.41843 259.7 0.861326
SKA043 0.420413 265.8 0.85322
SKA095 0.421013 271.9 0.85079
SKA099 0.421498 278 0.848833
SKA039 0.422144 284.1 0.846237
M024 0.453134 289.3 0.734446
M025 0.453392 294.5 0.733611
M031 0.454167 299.7 0.731109
M038 0.463492 304.9 0.701987
M035 0.472106 310.1 0.676604
SKA092 0.477359 316.2 0.661794
M036 0.478902 321.4 0.657537
M034 0.480797 326.6 0.652364
M041 0.491346 331.8 0.624653
M040 0.501951 337 0.598537
M039 0.507463 342.2 0.585605
SKA083 0.50808 348.3 0.584183
SKA038 0.510061 354.4 0.579654
M037 0.525402 359.6 0.546298
M043 0.551129 364.8 0.496486
M047 0.578283 370 0.450954
SKA001 0.61451 376.1 0.399352
SKA101 0.617292 382.2 0.39576
SKA036 0.617347 388.3 0.39569
SKA098 0.622736 394.4 0.388871
M032 0.672404 399.6 0.333544
SKA063 0.743379 405.7 0.272893
SKA100 0.744814 411.8 0.271843
SKA103 0.746557 417.9 0.270575
SKA035 0.746894 424 0.270331
SKA040 0.879568 430.1 0.194928
SKA045 0.899304 436.2 0.186466
SKA102 0.901382 442.3 0.185608
SKA104 0.902763 448.4 0.18504
SKA033 0.903571 454.5 0.184709
M051 0.945107 459.7 0.168831
M054 0.99781 464.9 0.151467
M052 1.06536 470.1 0.132868
M053 1.0972 475.3 0.125268
M044 1.1522 480.5 0.113595
SKA096 1.23822 486.6 0.0983598
SKA030 1.24375 492.7 0.0974871
M033 1.27161 497.9 0.0932622
SKA106 1.31132 504 0.0876993
M055 1.3232 509.2 0.0861316
SKA070 1.47322 515.3 0.0694829
SKA029 1.53943 521.4 0.0636346
SKA108 1.6114 527.5 0.0580773
M045 1.81175 532.7 0.0459427
M056 1.81589 537.9 0.0457335
SKA028 1.83355 544 0.0448568
SKA037 1.90031 550.1 0.0417604
SKA109 1.90851 556.2 0.0414023
M050 2.06386 561.4 0.035404
M061 2.11755 566.6 0.0336315
SKA031 2.35708 572.7 0.0271434
SKA032 2.35717 578.8 0.0271414
SKA111 2.3663 584.9 0.0269323
M046 2.40993 590.1 0.025966
M062 2.66658 595.3 0.0212082
SKA034 2.91776 601.4 0.0177139
SKA026 3.05526 607.5 0.0161554
SKA114 3.11259 613.6 0.0155657
SKA024 3.45592 619.7 0.0126266
M057 3.50975 624.9 0.0122422
M049 3.57741 630.1 0.0117835
SKA060 3.61416 636.2 0.0115451
SKA116 3.62845 642.3 0.0114544
M063 3.70913 647.5 0.0109615
M060 3.86275 652.7 0.010107
SKA117 3.88966 658.8 0.00996759
M059 3.89241 664 0.00995351
M048 3.98426 669.2 0.00949988
M058 4.10225 674.4 0.00896126
SKA107 4.47925 680.5 0.00751628
SKA023 4.61822 686.6 0.00707073
SKA115 5.54665 692.7 0.00490176
SKA113 5.5537 698.8 0.00488932
SKA020 6.03462 704.9 0.00414108
SKA118 6.36567 711 0.00372156
SKA018 6.78374 717.1 0.00327699
SKA110 6.95645 723.2 0.00311629
SKA119 8.51436 729.3 0.00208022
SKA017 8.54988 735.4 0.00206297
SKA105 8.62976 741.5 0.00202496
SKA121 10.3204 747.6 0.00141586
SKA027 10.5415 753.7 0.00135709
SKA015 10.5812 759.8 0.00134693
SKA022 13.4226 765.9 0.000837028
SKA016 13.6083 772 0.00081434
SKA123 14.4327 778.1 0.000723966
SKA014 15.6674 784.2 0.000614355
SKA019 17.0023 790.3 0.000521673
SKA125 17.0215 796.4 0.000520496
SKA126 19.5981 802.5 0.000392632
SKA025 20.5117 808.6 0.000358435
SKA013 21.2236 814.7 0.000334792
SKA008 92.6948 820.8 1.7551e-05
