M003 0.0229337 6.34 0.583611
M004 0.0536792 12.68 0.583611
M002 0.0536953 19.02 0.583611
M005 0.0698553 25.36 0.583611
SKA079 0.0746996 35.52 0.583611
M000 0.0772682 41.86 0.583611
M029 0.0919264 48.2 0.583611
SKA075 0.0967177 58.36 0.583611
M001 0.0967796 64.7 0.583611
SKA068 0.104161 74.86 0.583611
M006 0.104363 81.2 0.583611
SKA049 0.113596 91.36 0.583611
SKA082 0.124806 101.52 0.583611
SKA048 0.124825 111.68 0.583611
M028 0.133336 118.02 0.583611
SKA055 0.144263 128.18 0.583611
SKA050 0.164309 138.34 0.583611
SKA081 0.168282 148.5 0.583611
SKA046 0.184472 158.66 0.583611
M007 0.187911 165 0.583611
M018 0.193092 171.34 0.583611
M009 0.195283 177.68 0.583611
M020 0.200588 184.02 0.583611
SKA067 0.202723 194.18 0.583611
SKA091 0.204847 204.34 0.583611
M011 0.217555 210.68 0.583611
M027 0.230428 217.02 0.583611
M026 0.233975 223.36 0.583611
M021 0.23855 229.7 0.583611
M023 0.248099 236.04 0.583611
SKA061 0.260541 246.2 0.583611
M019 0.26506 252.54 0.583611
M012 0.272192 258.88 0.583611
SKA077 0.287022 269.04 0.583611
SKA042 0.287687 279.2 0.583611
SKA041 0.288367 289.36 0.583611
M015 0.295515 295.7 0.563869
SKA089 0.297098 305.86 0.557876
M017 0.302812 312.2 0.537021
M008 0.320781 318.54 0.478542
M010 0.34412 324.88 0.415832
M022 0.36023 331.22 0.37947
M013 0.367855 337.56 0.363902
M042 0.369698 343.9 0.360282
M014 0.372178 350.24 0.355497
M016 0.37412 356.58 0.351816
M030 0.41843 362.92 0.281249
SKA043 0.420413 373.08 0.278602
SKA095 0.421013 383.24 0.277809
SKA099 0.421498 393.4 0.27717
SKA039 0.422144 403.56 0.276322
M024 0.453134 409.9 0.239819
M025 0.453392 416.24 0.239546
M031 0.454167 422.58 0.23873
M038 0.463492 428.92 0.22922
M035 0.472106 435.26 0.220932
SKA092 0.477359 445.42 0.216096
M036 0.478902 451.76 0.214706
M034 0.480797 458.1 0.213017
M041 0.491346 464.44 0.203968
M040 0.501951 470.78 0.195441
M039 0.507463 477.12 0.191218
SKA083 0.50808 487.28 0.190754
SKA038 0.510061 497.44 0.189275
M037 0.525402 503.78 0.178383
M043 0.551129 510.12 0.162118
M047 0.578283 516.46 0.14725
SKA001 0.61451 526.62 0.130401
SKA101 0.617292 536.78 0.129228
SKA036 0.617347 546.94 0.129205
SKA098 0.622736 557.1 0.126978
M032 0.672404 563.44 0.108912
SKA063 0.743379 573.6 0.089108
SKA100 0.744814 583.76 0.088765
SKA103 0.746557 593.92 0.088351
SKA035 0.746894 604.08 0.0882713
SKA040 0.879568 614.24 0.06365
SKA045 0.899304 624.4 0.0608869
SKA102 0.901382 634.56 0.0606065
SKA104 0.902763 644.72 0.0604213
SKA033 0.903571 654.88 0.0603132
M051 0.945107 661.22 0.0551284
M054 0.99781 667.56 0.0494586
M052 1.06536 673.9 0.0433855
M053 1.0972 680.24 0.040904
M044 1.1522 686.58 0.0370921
SKA096 1.23822 696.74 0.0321175
SKA030 1.24375 706.9 0.0318325
M033 1.27161 713.24 0.030453
SKA106 1.31132 723.4 0.0286365
M055 1.3232 729.74 0.0281246
SKA070 1.47322 739.9 0.0226883
SKA029 1.53943 750.06 0.0207787
SKA108 1.6114 760.22 0.018964
M045 1.81175 766.56 0.0150017
M056 1.81589 772.9 0.0149334
SKA028 1.83355 783.06 0.0146471
SKA037 1.90031 793.22 0.013636
SKA109 1.90851 803.38 0.0135191
M050 2.06386 809.72 0.0115605
M061 2.11755 816.06 0.0109817
SKA031 2.35708 826.22 0.00886316
SKA032 2.35717 836.38 0.00886248
SKA111 2.3663 846.54 0.00879423
M046 2.40993 852.88 0.00847868
M062 2.66658 859.22 0.00692513
SKA034 2.91776 869.38 0.00578413
SKA026 3.05526 879.54 0.00527522
SKA114 3.11259 889.7 0.00508269
SKA024 3.45592 899.86 0.00412297
M057 3.50975 906.2 0.00399747
M049 3.57741 912.54 0.00384769
SKA060 3.61416 922.7 0.00376984
SKA116 3.62845 932.86 0.0037402
M063 3.70913 939.2 0.00357926
M060 3.86275 945.54 0.00330023
SKA117 3.88966 955.7 0.00325472
M059 3.89241 962.04 0.00325013
M048 3.98426 968.38 0.003102
M058 4.10225 974.72 0.00292613
SKA107 4.47925 984.88 0.00245429
SKA023 4.61822 995.04 0.00230881
SKA115 5.54665 1005.2 0.00160057
SKA113 5.5537 1015.36 0.00159651
SKA020 6.03462 1025.52 0.00135219
SKA118 6.36567 1035.68 0.0012152
SKA018 6.78374 1045.84 0.00107004
SKA110 6.95645 1056 0.00101756
SKA119 8.51436 1066.16 0.000679256
SKA017 8.54988 1076.32 0.000673623
SKA105 8.62976 1086.48 0.000661211
SKA121 10.3204 1096.64 0.000462322
SKA027 10.5415 1106.8 0.000443131
SKA015 10.5812 1116.96 0.000439812
SKA022 13.4226 1127.12 0.000273315
SKA016 13.6083 1137.28 0.000265907
SKA123 14.4327 1147.44 0.000236397
SKA014 15.6674 1157.6 0.000200606
SKA019 17.0023 1167.76 0.000170342
SKA125 17.0215 1177.92 0.000169958
SKA126 19.5981 1188.08 0.000128206
SKA025 20.5117 1198.24 0.00011704
SKA013 21.2236 1208.4 0.00010932
SKA008 92.6948 1218.56 5.73095e-06
