C5 0.00576224 1.97763 5.12201
C59 0.0369839 3.95525 5.12201
C20 0.0415433 5.93287 5.12201
C8 0.0523278 7.91051 5.12201
C15 0.0549779 9.8881 5.12201
C37 0.0742842 11.8657 5.12201
C19 0.0817277 13.8434 5.12201
C3 0.0850761 15.821 5.12201
C44 0.0862676 17.7986 5.12201
C63 0.0918574 19.7763 5.12201
C14 0.0942051 21.7539 5.12201
C41 0.103418 23.7315 5.12201
C13 0.105762 25.7091 5.12201
C35 0.114899 27.6868 5.12201
C75 0.115194 29.6644 5.12201
C54 0.129174 31.642 5.12201
C17 0.12994 33.6196 5.12201
C9 0.130395 35.5973 5.12201
C29 0.132841 37.5749 5.12201
C38 0.136805 39.5525 5.12201
C7 0.137425 41.5302 5.12201
C70 0.138274 43.5077 5.12201
C31 0.141194 45.4854 5.12201
C57 0.141603 47.4628 5.12201
C4 0.144913 49.4408 5.12201
C2 0.145246 51.4183 5.12201
C11 0.14526 53.3958 5.12201
C53 0.152397 55.3737 5.12201
C23 0.152982 57.3512 5.12201
C60 0.15665 59.3287 5.12201
C52 0.160377 61.3062 5.12201
C30 0.167195 63.2842 5.12201
C21 0.167956 65.2617 5.12201
C24 0.169527 67.2392 5.12201
C67 0.170527 69.2167 5.12201
C69 0.170992 71.1946 5.12201
C18 0.173752 73.1721 5.12201
C58 0.174266 75.1496 5.12201
C27 0.174354 77.1276 5.12201
C71 0.183848 79.1051 5.12201
C33 0.184147 81.0826 5.12201
C48 0.184878 83.0601 5.12201
C28 0.187098 85.0381 5.12201
C36 0.187165 87.0156 5.12201
C10 0.191743 88.9931 5.12201
C56 0.191904 90.9706 5.12201
C51 0.196303 92.9485 5.12201
C1 0.202648 94.926 5.12201
C6 0.202739 96.9035 5.12201
C22 0.202784 98.881 5.12201
C39 0.202795 100.859 5.12201
C25 0.206082 102.837 5.12201
C26 0.207547 104.814 5.12201
C46 0.210027 106.792 5.12201
C47 0.210896 108.769 5.12201
C16 0.212845 110.747 5.12201
C34 0.214628 112.724 5.12201
C12 0.214654 114.702 5.12201
C42 0.215397 116.68 5.12201
C64 0.216443 118.657 5.12201
C66 0.220276 120.635 5.12201
C43 0.220871 122.613 5.12201
C49 0.221708 124.59 5.12201
C62 0.222152 126.568 5.12201
C61 0.223793 128.546 5.12201
C45 0.224835 130.523 5.12201
C72 0.225332 132.501 5.12201
C55 0.227457 134.478 5.12201
C50 0.22826 136.456 5.12201
C73 0.229041 138.434 5.12201
C74 0.232021 140.411 5.12201
C40 0.23317 142.389 5.12201
C65 0.235341 144.367 5.12201
C32 0.238894 146.344 5.12201
C100 0.238903 148.322 5.12201
C68 0.240166 150.3 5.12201
C108 0.251241 152.277 5.12201
C120 0.255888 154.255 5.12201
C117 0.259439 156.232 5.12201
C123 0.260943 158.21 5.12201
C148 0.262085 160.188 5.12201
C79 0.262128 162.165 5.12201
C111 0.262686 164.143 5.12201
C142 0.264605 166.121 5.12201
C150 0.265973 168.098 5.12201
C105 0.269939 170.076 5.12201
C95 0.273682 172.053 5.12201
C102 0.275264 174.031 5.12201
C97 0.276116 176.009 5.12201
C87 0.278431 177.986 5.12201
C112 0.28345 179.964 5.12201
C147 0.285824 181.942 5.12201
C76 0.288097 183.919 5.12201
C140 0.288119 185.897 5.12201
C84 0.288389 187.875 5.12201
C82 0.289496 189.852 5.12201
C88 0.289685 191.83 5.12201
C89 0.290275 193.807 5.12201
C86 0.291663 195.785 5.12201
C145 0.292323 197.763 5.12201
C121 0.292419 199.74 5.12201
C200 0.294231 201.718 5.12201
C107 0.297548 203.696 5.12201
C137 0.299766 205.673 5.12201
C114 0.300545 207.651 5.12201
C103 0.301607 209.628 5.12201
C85 0.303895 211.606 5.12201
C119 0.305865 213.583 5.12201
C146 0.306192 215.561 5.12201
C92 0.306577 217.539 5.12201
C110 0.306609 219.516 5.12201
C98 0.307402 221.494 5.12201
C99 0.308294 223.472 5.12201
C128 0.311374 225.449 5.12201
C139 0.314429 227.427 5.12201
C130 0.317243 229.404 5.12201
C132 0.319367 231.382 5.12201
C77 0.321173 233.36 5.12201
C124 0.321206 235.337 5.12201
C135 0.321546 237.315 5.12201
C129 0.321763 239.293 5.12201
C125 0.326198 241.27 5.12201
C101 0.326702 243.248 5.12201
C91 0.331314 245.225 5.12201
C109 0.332076 247.203 5.12201
C104 0.33599 249.181 5.12201
C126 0.336287 251.158 5.12201
C90 0.336931 253.136 5.12201
C113 0.337077 255.114 5.12201
C80 0.338807 257.091 5.12201
C144 0.339712 259.069 5.12201
C115 0.342923 261.047 5.12201
C78 0.344542 263.024 5.12201
C96 0.345244 265.002 5.12201
C81 0.345599 266.979 5.12201
C106 0.345887 268.957 5.12201
C149 0.348595 270.935 5.12201
C133 0.351003 272.912 5.12201
C93 0.351674 274.89 5.12201
C151 0.354576 276.868 5.12201
C141 0.354655 278.845 5.12201
C83 0.359185 280.823 5.12201
C138 0.35924 282.801 5.12201
C197 0.363273 284.778 5.12201
C143 0.371144 286.756 5.12201
C167 0.374005 288.733 5.12201
C202 0.377233 290.711 5.12201
C186 0.381145 292.689 5.12201
C181 0.382885 294.666 5.12201
C191 0.386202 296.644 5.12201
C162 0.388627 298.622 5.12201
C206 0.391895 300.599 5.12201
C185 0.397118 302.577 5.12201
C180 0.399151 304.555 5.12201
C168 0.402481 306.532 5.12201
C187 0.404253 308.51 5.12201
C205 0.40558 310.487 5.12201
C158 0.409651 312.465 5.12201
C171 0.414559 314.442 5.12201
C194 0.415997 316.42 5.12201
C172 0.417054 318.397 5.12201
C176 0.422348 320.375 5.12201
C214 0.424527 322.353 5.12201
C179 0.428255 324.33 5.12201
C170 0.431131 326.308 5.12201
C177 0.431906 328.286 5.12201
C156 0.433198 330.263 5.12201
C166 0.43327 332.241 5.12201
C198 0.437027 334.219 5.12201
C195 0.43915 336.196 5.12201
C163 0.444326 338.174 5.12201
C160 0.446469 340.151 5.12201
C224 0.447065 342.129 5.12201
C164 0.448648 344.107 5.08931
C175 0.456321 346.084 4.91959
C154 0.458576 348.062 4.87133
C155 0.459584 350.04 4.84998
C192 0.460215 352.017 4.83669
C193 0.461054 353.995 4.81911
C190 0.466042 355.973 4.7165
C203 0.466715 357.95 4.70291
C199 0.471507 359.928 4.6078
C165 0.473166 361.905 4.57555
C184 0.473864 363.883 4.56208
C204 0.475849 365.861 4.5241
C161 0.480174 367.838 4.44297
C153 0.481096 369.816 4.42595
C183 0.481755 371.794 4.41385
C173 0.482394 373.771 4.40217
C201 0.485276 375.749 4.35003
C222 0.487366 377.727 4.3128
C223 0.498014 379.704 4.13035
C213 0.503017 381.682 4.0486
C207 0.511351 383.659 3.91771
C208 0.513384 385.637 3.88674
C212 0.51713 387.615 3.83063
C216 0.521526 389.592 3.76633
C219 0.53608 391.57 3.5646
C217 0.544352 393.548 3.45709
E1-1 0.6089 395.525 2.76298
S1-2 0.644623 397.503 2.46524
E1-2 0.647829 399.481 2.4409
S1-1 0.689533 401.458 2.15457
N1-2 0.690869 403.436 2.14624
N1-1 0.73232 405.413 1.91015
S2-3 0.8648 407.391 1.36974
E2-3 0.873016 409.369 1.34408
S2-2 0.893395 411.346 1.28346
E2-1 0.908209 413.324 1.24193
N2-3 0.955956 415.302 1.12097
E2-2 0.971062 417.279 1.08637
N2-1 0.971652 419.257 1.08505
N2-2 0.981157 421.234 1.06413
S2-1 0.99669 423.212 1.03122
E3-2 1.25937 425.189 0.645897
S3-1 1.2725 427.167 0.632637
N3-3 1.2846 429.145 0.620775
S3-2 1.29788 431.122 0.608137
E3-1 1.30427 433.1 0.602192
N3-2 1.33132 435.077 0.57797
E3-3 1.34962 437.055 0.562402
N3-1 1.35458 439.033 0.558291
S4-1 1.74865 441.01 0.335015
N4-2 1.7657 442.988 0.328576
S4-2 1.76837 444.966 0.327585
S4-3 1.7742 446.943 0.325436
E4-3 1.78722 448.921 0.320711
N4-1 1.80918 450.899 0.312973
N4-3 1.81474 452.876 0.311058
E4-2 1.82214 454.854 0.308537
E4-1 1.86332 456.831 0.29505
E8-3 4.77877 458.809 0.0448578
S8-6 4.81004 460.787 0.0442765
N8-1 4.8215 462.764 0.0440662
S8-3 4.83039 464.742 0.0439042
N8-2 4.83306 466.722 0.0438557
E8-1 4.83554 468.696 0.0438107
S8-4 4.84056 470.675 0.0437199
E8-4 4.86131 472.654 0.0433474
S8-5 4.86136 474.628 0.0433466
N8-3 4.86685 476.607 0.0432488
N8-4 4.87105 478.586 0.0431743
S8-2 4.88682 480.565 0.0428961
E8-2 4.88693 482.539 0.0428941
S8-1 4.91929 484.518 0.0423317
E9-1 6.32647 486.497 0.0255945
N9-1 6.32659 488.476 0.0255936
N9-2 6.3293 490.45 0.0255717
E9-3 6.33752 492.429 0.0255054
N9-4 6.37328 494.408 0.0252199
E9-2 6.37629 496.382 0.0251961
N9-3 6.39778 498.361 0.0250272
S9-3 6.42287 500.34 0.024832
S9-4 6.42493 502.318 0.0248161
E9-4 6.42719 504.293 0.0247986
S9-1 6.45565 506.272 0.0245805
S9-2 6.46591 508.251 0.0245025
E10-2 8.06329 510.229 0.015756
E10-4 8.082 512.204 0.0156831
E10-1 8.11211 514.183 0.0155669
E10-3 8.15486 516.161 0.0154041
N10-1 8.19398 518.136 0.0152574
S10-3 8.20026 520.115 0.015234
N10-2 8.20121 522.093 0.0152305
S10-5 8.20484 524.072 0.015217
N10-3 8.22078 526.047 0.0151581
S10-2 8.24034 528.026 0.0150862
N10-4 8.2414 530.004 0.0150823
S10-6 8.24824 531.983 0.0150573
S10-4 8.26008 533.958 0.0150142
S10-1 8.2796 535.936 0.0149435
N13-2 17.2187 537.915 0.00345517
N13-1 17.2327 539.89 0.00344956
N13-4 17.2714 541.868 0.00343412
N13-3 17.275 543.847 0.00343269
E13-2 17.2979 545.826 0.0034236
E13-4 17.3037 547.801 0.00342131
E13-3 17.3487 549.779 0.00340358
E13-1 17.3903 551.758 0.00338732
S13-3 17.6568 553.737 0.00328584
S13-4 17.6826 555.711 0.00327626
S13-1 17.6929 557.69 0.00327244
S13-2 17.7117 559.669 0.0032655
N15-1 27.7573 561.643 0.00132958
N15-2 27.7583 563.622 0.00132949
N15-4 27.8059 565.601 0.00132494
N15-3 27.8105 567.58 0.0013245
S15-4 28.7941 569.554 0.00123556
S15-3 28.8448 571.533 0.00123122
S15-1 28.8647 573.512 0.00122952
S15-2 28.8979 575.491 0.0012267
E15-2 29.0847 577.465 0.00121099
E15-4 29.1229 579.444 0.00120782
E15-1 29.1699 581.423 0.00120393
E15-3 29.2 583.397 0.00120145
N16-1 37.809 585.376 0.000716605
N16-2 37.8146 587.355 0.000716393
N16-3 37.8536 589.334 0.000714917
N16-4 37.8591 591.308 0.00071471
S16-3 38.4957 593.287 0.000691267
S16-4 38.5104 595.266 0.000690739
S16-1 38.5475 597.245 0.00068941
S16-2 38.5765 599.219 0.000688374
E16-2 45.04 601.198 0.000504979
E16-4 45.0497 603.177 0.000504762
E16-1 45.0937 605.151 0.000503777
E16-3 45.1499 607.13 0.000502524
