C5 0.00576224 1.97763 5.12201
C59 0.0369839 3.95525 5.12201
C20 0.0415433 5.93287 5.12201
C8 0.0523278 7.91051 5.12201
C15 0.0549779 9.8881 5.12201
C37 0.0742842 11.8657 5.12201
C19 0.0817277 13.8434 5.12201
C3 0.0850761 15.821 5.12201
C44 0.0862676 17.7986 5.12201
C63 0.0918574 19.7763 5.12201
C14 0.0942051 21.7539 5.12201
C41 0.103418 23.7315 5.12201
C13 0.105762 25.7091 5.12201
C35 0.114899 27.6868 5.12201
C75 0.115194 29.6644 5.12201
C54 0.129174 31.642 5.12201
C17 0.12994 33.6196 5.12201
C9 0.130395 35.5973 5.12201
C29 0.132841 37.5749 5.12201
C38 0.136805 39.5525 5.12201
C7 0.137425 41.5302 5.12201
C70 0.138274 43.5077 5.12201
C31 0.141194 45.4854 5.12201
C57 0.141603 47.4628 5.12201
C4 0.144913 49.4408 5.12201
C2 0.145246 51.4183 5.12201
C11 0.14526 53.3958 5.12201
C53 0.152397 55.3737 5.12201
C23 0.152982 57.3512 5.12201
C60 0.15665 59.3287 5.12201
C52 0.160377 61.3062 5.12201
C30 0.167195 63.2842 5.12201
C21 0.167956 65.2617 5.12201
C24 0.169527 67.2392 5.12201
C67 0.170527 69.2167 5.12201
C69 0.170992 71.1946 5.12201
C18 0.173752 73.1721 5.12201
C58 0.174266 75.1496 5.12201
C27 0.174354 77.1276 5.12201
C71 0.183848 79.1051 5.12201
C33 0.184147 81.0826 5.12201
C48 0.184878 83.0601 5.12201
C28 0.187098 85.0381 5.12201
C36 0.187165 87.0156 5.12201
C10 0.191743 88.9931 5.12201
C56 0.191904 90.9706 5.12201
C51 0.196303 92.9485 5.12201
C1 0.202648 94.926 5.12201
C6 0.202739 96.9035 5.12201
C22 0.202784 98.881 5.12201
C39 0.202795 100.859 5.12201
C25 0.206082 102.837 5.12201
C26 0.207547 104.814 5.12201
C46 0.210027 106.792 5.12201
C47 0.210896 108.769 5.12201
C16 0.212845 110.747 5.12201
C34 0.214628 112.724 5.12201
C12 0.214654 114.702 5.12201
C42 0.215397 116.68 5.12201
C64 0.216443 118.657 5.12201
C66 0.220276 120.635 5.12201
C43 0.220871 122.613 5.12201
C49 0.221708 124.59 5.12201
C62 0.222152 126.568 5.12201
C61 0.223793 128.546 5.12201
C45 0.224835 130.523 5.12201
C72 0.225332 132.501 5.12201
C55 0.227457 134.478 5.12201
C50 0.22826 136.456 5.12201
C73 0.229041 138.434 5.12201
C74 0.232021 140.411 5.12201
C40 0.23317 142.389 5.12201
C65 0.235341 144.367 5.12201
C32 0.238894 146.344 5.12201
C100 0.238903 148.322 5.12201
C68 0.240166 150.3 5.12201
C116 0.240189 152.277 5.12201
C108 0.251241 154.255 5.12201
C120 0.255888 156.232 5.12201
C117 0.259439 158.21 5.12201
C123 0.260943 160.188 5.12201
C148 0.262085 162.165 5.12201
C79 0.262128 164.143 5.12201
C111 0.262686 166.121 5.12201
C131 0.264327 168.098 5.12201
C142 0.264605 170.076 5.12201
C150 0.265973 172.053 5.12201
C105 0.269939 174.031 5.12201
C95 0.273682 176.009 5.12201
C102 0.275264 177.986 5.12201
C97 0.276116 179.964 5.12201
C87 0.278431 181.942 5.12201
C112 0.28345 183.919 5.12201
C147 0.285824 185.897 5.12201
C76 0.288097 187.875 5.12201
C140 0.288119 189.852 5.12201
C84 0.288389 191.83 5.12201
C82 0.289496 193.807 5.12201
C88 0.289685 195.785 5.12201
C89 0.290275 197.763 5.12201
C86 0.291663 199.74 5.12201
C145 0.292323 201.718 5.12201
C121 0.292419 203.696 5.12201
C200 0.294231 205.673 5.12201
C107 0.297548 207.651 5.12201
C137 0.299766 209.628 5.12201
C114 0.300545 211.606 5.12201
C103 0.301607 213.583 5.12201
C122 0.302478 215.561 5.12201
C85 0.303895 217.539 5.12201
C119 0.305865 219.516 5.12201
C146 0.306192 221.494 5.12201
C92 0.306577 223.472 5.12201
C110 0.306609 225.449 5.12201
C98 0.307402 227.427 5.12201
C99 0.308294 229.404 5.12201
C128 0.311374 231.382 5.12201
C139 0.314429 233.36 5.12201
C130 0.317243 235.337 5.12201
C132 0.319367 237.315 5.12201
C77 0.321173 239.293 5.12201
C124 0.321206 241.27 5.12201
C135 0.321546 243.248 5.12201
C129 0.321763 245.225 5.12201
C125 0.326198 247.203 5.12201
C101 0.326702 249.181 5.12201
C91 0.331314 251.158 5.12201
C109 0.332076 253.136 5.12201
C134 0.332377 255.114 5.12201
C104 0.33599 257.091 5.12201
C126 0.336287 259.069 5.12201
C90 0.336931 261.047 5.12201
C113 0.337077 263.024 5.12201
C80 0.338807 265.002 5.12201
C144 0.339712 266.979 5.12201
C115 0.342923 268.957 5.12201
C78 0.344542 270.935 5.12201
C96 0.345244 272.912 5.12201
C118 0.345323 274.89 5.12201
C81 0.345599 276.868 5.12201
C106 0.345887 278.845 5.12201
C149 0.348595 280.823 5.12201
C94 0.34968 282.801 5.12201
C133 0.351003 284.778 5.12201
C93 0.351674 286.756 5.12201
C151 0.354576 288.733 5.12201
C141 0.354655 290.711 5.12201
C136 0.357334 292.689 5.12201
C127 0.357673 294.666 5.12201
C83 0.359185 296.644 5.12201
C138 0.35924 298.622 5.12201
C197 0.363273 300.599 5.12201
C178 0.369376 302.577 5.12201
C143 0.371144 304.555 5.12201
C167 0.374005 306.532 5.12201
C202 0.377233 308.51 5.12201
C152 0.378404 310.487 5.12201
C186 0.381145 312.465 5.12201
C181 0.382885 314.442 5.12201
C182 0.384482 316.42 5.12201
C191 0.386202 318.397 5.12201
C162 0.388627 320.375 5.12201
C206 0.391895 322.353 5.12201
C185 0.397118 324.33 5.12201
C180 0.399151 326.308 5.12201
C168 0.402481 328.286 5.12201
C187 0.404253 330.263 5.12201
C205 0.40558 332.241 5.12201
C174 0.407227 334.219 5.12201
C169 0.407595 336.196 5.12201
C158 0.409651 338.174 5.12201
C171 0.414559 340.151 5.12201
C194 0.415997 342.129 5.12201
C172 0.417054 344.107 5.12201
C210 0.420965 346.084 5.12201
C176 0.422348 348.062 5.12201
C214 0.424527 350.04 5.12201
C196 0.424649 352.017 5.12201
C179 0.428255 353.995 5.12201
C188 0.430149 355.973 5.12201
C170 0.431131 357.95 5.12201
C177 0.431906 359.928 5.12201
C156 0.433198 361.905 5.12201
C166 0.43327 363.883 5.12201
C198 0.437027 365.861 5.12201
C195 0.43915 367.838 5.12201
C157 0.441369 369.816 5.12201
C189 0.441614 371.794 5.12201
C163 0.444326 373.771 5.12201
C160 0.446469 375.749 5.12201
C224 0.447065 377.727 5.12201
C164 0.448648 379.704 5.08931
C218 0.451107 381.682 5.03397
C175 0.456321 383.659 4.91959
C221 0.456758 385.637 4.91019
C209 0.456879 387.615 4.90758
C154 0.458576 389.592 4.87133
C155 0.459584 391.57 4.84998
C192 0.460215 393.548 4.83669
C193 0.461054 395.525 4.81911
C190 0.466042 397.503 4.7165
C203 0.466715 399.481 4.70291
C199 0.471507 401.458 4.6078
C211 0.472675 403.436 4.58506
C165 0.473166 405.413 4.57555
C159 0.473566 407.391 4.56782
C184 0.473864 409.369 4.56208
C204 0.475849 411.346 4.5241
C161 0.480174 413.324 4.44297
C153 0.481096 415.302 4.42595
C183 0.481755 417.279 4.41385
C173 0.482394 419.257 4.40217
C215 0.482991 421.234 4.39129
C201 0.485276 423.212 4.35003
C222 0.487366 425.189 4.3128
C220 0.490244 427.167 4.26232
C223 0.498014 429.145 4.13035
C213 0.503017 431.122 4.0486
C207 0.511351 433.1 3.91771
C208 0.513384 435.077 3.88674
C212 0.51713 437.055 3.83063
C216 0.521526 439.033 3.76633
C219 0.53608 441.01 3.5646
C217 0.544352 442.988 3.45709
S1-3 0.601116 444.966 2.835
E1-1 0.6089 446.943 2.76298
N1-5 0.641704 448.921 2.48772
S1-2 0.644623 450.899 2.46524
S1-5 0.646693 452.876 2.44948
E1-2 0.647829 454.854 2.4409
N1-6 0.652857 456.831 2.40344
N1-3 0.655539 458.809 2.38382
E1-3 0.660003 460.787 2.35168
N1-4 0.680401 462.764 2.21279
S1-4 0.68313 464.742 2.19515
E1-5 0.684296 466.722 2.18767
E1-4 0.687799 468.696 2.16544
S1-6 0.689039 470.675 2.15766
S1-1 0.689533 472.654 2.15457
N1-2 0.690869 474.628 2.14624
N1-1 0.73232 476.607 1.91015
E1-6 0.735933 478.586 1.89144
S2-3 0.8648 480.565 1.36974
E2-3 0.873016 482.539 1.34408
S2-4 0.877364 484.518 1.33079
S2-2 0.893395 486.497 1.28346
N2-6 0.902607 488.476 1.2574
E2-1 0.908209 490.45 1.24193
N2-5 0.913589 492.429 1.22735
E2-6 0.926287 494.408 1.19393
E2-4 0.9283 496.382 1.18876
N2-4 0.937329 498.361 1.16597
N2-3 0.955956 500.34 1.12097
E2-2 0.971062 502.318 1.08637
N2-1 0.971652 504.293 1.08505
S2-5 0.976536 506.272 1.07422
N2-2 0.981157 508.251 1.06413
S2-6 0.988134 510.229 1.04915
E2-5 0.989237 512.204 1.04681
S2-1 0.99669 514.183 1.03122
N3-5 1.24813 516.161 0.657583
E3-2 1.25937 518.136 0.645897
N3-6 1.26313 520.115 0.642058
E3-4 1.26416 522.093 0.641012
S3-1 1.2725 524.072 0.632637
S3-3 1.27962 526.047 0.625616
N3-3 1.2846 528.026 0.620775
E3-6 1.29312 530.004 0.612622
S3-2 1.29788 531.983 0.608137
E3-1 1.30427 533.958 0.602192
E3-5 1.30687 535.936 0.599799
N3-4 1.30871 537.915 0.598113
S3-5 1.32547 539.89 0.583083
N3-2 1.33132 541.868 0.57797
S3-4 1.33756 543.847 0.57259
E3-3 1.34962 545.826 0.562402
N3-1 1.35458 547.801 0.558291
S3-6 1.35805 549.779 0.555442
N4-4 1.73135 551.758 0.341744
N4-6 1.7453 553.737 0.336302
E4-4 1.74702 555.711 0.335641
S4-1 1.74865 557.69 0.335015
N4-2 1.7657 559.669 0.328576
E4-6 1.7671 561.643 0.328056
S4-2 1.76837 563.622 0.327585
S4-3 1.7742 565.601 0.325436
E4-3 1.78722 567.58 0.320711
N4-5 1.79851 569.554 0.316697
S4-4 1.80542 571.533 0.314278
N4-1 1.80918 573.512 0.312973
N4-3 1.81474 575.491 0.311058
E4-2 1.82214 577.465 0.308537
E4-5 1.82477 579.444 0.307648
S4-5 1.83854 581.423 0.303057
S4-6 1.85149 583.397 0.298832
E4-1 1.86332 585.376 0.29505
N5-3 2.08337 587.355 0.236014
N5-1 2.09855 589.334 0.232612
E5-6 2.10097 591.308 0.232076
S5-1 2.1102 593.287 0.23005
S5-3 2.12056 595.266 0.227808
E5-5 2.13008 597.245 0.225776
N5-4 2.13175 599.219 0.225423
N5-6 2.13672 601.198 0.224375
N5-2 2.14829 603.177 0.221965
S5-2 2.1541 605.151 0.220769
S5-5 2.16001 607.13 0.219563
E5-2 2.17133 609.109 0.217279
E5-4 2.17944 611.088 0.215665
E5-3 2.1809 613.062 0.215377
N5-5 2.19425 615.041 0.212764
S5-4 2.2054 617.02 0.210618
S5-6 2.21387 618.999 0.209009
E5-1 2.22188 620.973 0.207505
S6-4 2.75989 622.952 0.134489
S6-2 2.76144 624.931 0.134338
E6-6 2.77145 626.905 0.133369
E6-5 2.77441 628.884 0.133085
S6-3 2.7982 630.863 0.130832
N6-1 2.79897 632.842 0.13076
E6-3 2.80659 634.816 0.130051
S6-6 2.80881 636.795 0.129845
E6-4 2.81448 638.774 0.129322
N6-4 2.81767 640.753 0.12903
S6-1 2.81965 642.727 0.128849
N6-3 2.84601 644.706 0.126473
E6-2 2.8469 646.685 0.126394
N6-2 2.84822 648.659 0.126277
E6-1 2.852 650.638 0.125942
S6-5 2.85447 652.617 0.125724
N6-5 2.88382 654.596 0.123178
N6-6 2.88981 656.57 0.122668
S7-5 3.64552 658.549 0.0770817
S7-3 3.64904 660.528 0.076933
E7-5 3.66048 662.507 0.0764529
N7-1 3.66475 664.481 0.0762749
N7-2 3.67335 666.46 0.0759181
S7-4 3.6811 668.439 0.0755988
N7-3 3.68841 670.413 0.0752994
E7-3 3.69767 672.392 0.0749228
S7-1 3.69941 674.371 0.0748523
E7-6 3.69994 676.35 0.0748309
S7-6 3.71635 678.324 0.0741715
N7-4 3.7308 680.303 0.073598
N7-5 3.73502 682.282 0.0734318
N7-6 3.73867 684.261 0.0732885
S7-2 3.74205 686.235 0.0731562
E7-1 3.74739 688.214 0.0729478
E7-2 3.75156 690.193 0.0727858
E7-4 3.78879 692.167 0.0713623
E8-6 4.76047 694.146 0.0452033
E8-3 4.77877 696.125 0.0448578
S8-6 4.81004 698.104 0.0442765
E8-5 4.81612 700.078 0.0441647
N8-1 4.8215 702.057 0.0440662
S8-3 4.83039 704.036 0.0439042
N8-2 4.83306 706.014 0.0438557
E8-1 4.83554 707.989 0.0438107
S8-4 4.84056 709.968 0.0437199
E8-4 4.86131 711.946 0.0433474
S8-5 4.86136 713.921 0.0433466
N8-3 4.86685 715.9 0.0432488
N8-4 4.87105 717.879 0.0431743
S8-2 4.88682 719.857 0.0428961
E8-2 4.88693 721.832 0.0428941
N8-6 4.90031 723.811 0.0426602
N8-5 4.90452 725.789 0.042587
S8-1 4.91929 727.768 0.0423317
E9-1 6.32647 729.743 0.0255945
N9-1 6.32659 731.721 0.0255936
N9-2 6.3293 733.7 0.0255717
E9-3 6.33752 735.675 0.0255054
E9-5 6.3681 737.654 0.025261
N9-4 6.37328 739.632 0.0252199
E9-2 6.37629 741.611 0.0251961
S9-6 6.38244 743.586 0.0251476
N9-5 6.38382 745.564 0.0251367
S9-5 6.39757 747.543 0.0250288
N9-3 6.39778 749.522 0.0250272
E9-6 6.4165 751.496 0.0248813
S9-3 6.42287 753.475 0.024832
S9-4 6.42493 755.454 0.0248161
E9-4 6.42719 757.429 0.0247986
N9-6 6.43006 759.407 0.0247765
S9-1 6.45565 761.386 0.0245805
S9-2 6.46591 763.365 0.0245025
E10-5 8.03339 765.339 0.0158735
E10-2 8.06329 767.318 0.015756
E10-4 8.082 769.297 0.0156831
E10-6 8.10239 771.276 0.0156043
E10-1 8.11211 773.25 0.0155669
E10-3 8.15486 775.229 0.0154041
N10-1 8.19398 777.208 0.0152574
S10-3 8.20026 779.182 0.015234
N10-2 8.20121 781.161 0.0152305
S10-5 8.20484 783.14 0.015217
N10-3 8.22078 785.119 0.0151581
S10-2 8.24034 787.093 0.0150862
N10-4 8.2414 789.072 0.0150823
S10-6 8.24824 791.051 0.0150573
N10-5 8.25734 793.03 0.0150241
S10-4 8.26008 795.004 0.0150142
S10-1 8.2796 796.983 0.0149435
N10-6 8.29016 798.962 0.0149054
E11-5 10.5216 800.936 0.00925351
E11-2 10.5487 802.915 0.00920603
E11-3 10.5567 804.894 0.00919208
E11-6 10.5821 806.873 0.00914801
E11-1 10.6103 808.847 0.00909944
E11-4 10.6289 810.826 0.00906762
N11-1 12.1283 812.805 0.00696419
N11-2 12.1297 814.784 0.00696258
N11-3 12.1732 816.758 0.00691291
N11-4 12.1737 818.737 0.00691234
N11-5 12.2066 820.716 0.00687513
N11-6 12.2331 822.69 0.00684537
S11-6 12.7558 824.669 0.00629586
S11-3 12.7632 826.648 0.00628856
S11-2 12.8055 828.627 0.00624708
S11-5 12.8121 830.601 0.00624065
S11-1 12.84 832.58 0.00621355
S11-4 12.866 834.559 0.00618847
N12-2 13.0269 836.538 0.00603654
N12-1 13.0461 838.512 0.00601878
N12-3 13.0636 840.491 0.00600267
N12-4 13.0863 842.47 0.00598186
N12-6 13.1075 844.444 0.00596253
N12-5 13.1212 846.423 0.00595008
E12-6 13.4601 848.402 0.00565423
E12-3 13.4813 850.381 0.00563646
E12-5 13.4929 852.355 0.00562678
E12-2 13.531 854.334 0.00559513
E12-4 13.538 856.313 0.00558935
E12-1 13.591 858.292 0.00554584
S12-6 14.8563 860.266 0.0046414
S12-1 14.8761 862.245 0.00462905
S12-4 14.889 864.224 0.00462103
S12-5 14.9028 866.198 0.00461248
S12-2 14.9272 868.177 0.00459741
S12-3 14.9633 870.156 0.00457526
N13-2 17.2187 872.135 0.00345517
N13-1 17.2327 874.109 0.00344956
N13-4 17.2714 876.088 0.00343412
N13-3 17.275 878.067 0.00343269
E13-2 17.2979 880.046 0.0034236
E13-4 17.3037 882.02 0.00342131
N13-6 17.3056 883.999 0.00342056
N13-5 17.3169 885.978 0.00341609
E13-6 17.347 887.952 0.00340425
E13-3 17.3487 889.931 0.00340358
E13-5 17.3788 891.91 0.0033918
E13-1 17.3903 893.889 0.00338732
S13-5 17.6056 895.863 0.00330498
S13-6 17.6428 897.842 0.00329106
S13-3 17.6568 899.821 0.00328584
S13-4 17.6826 901.8 0.00327626
S13-1 17.6929 903.774 0.00327244
S13-2 17.7117 905.753 0.0032655
S14-6 21.7962 907.732 0.0021563
S14-4 21.8349 909.706 0.00214866
S14-5 21.8503 911.685 0.00214563
S14-3 21.8605 913.664 0.00214363
S14-2 21.891 915.642 0.00213766
S14-1 21.914 917.617 0.00213318
N14-2 22.7731 919.596 0.00197527
N14-1 22.7807 921.575 0.00197395
N14-3 22.8217 923.553 0.00196686
N14-5 22.8375 925.528 0.00196414
N14-4 22.8508 927.507 0.00196186
N14-6 22.8858 929.485 0.00195586
E14-2 23.0808 931.46 0.00192295
E14-5 23.1192 933.439 0.00191657
E14-3 23.1227 935.417 0.00191599
E14-1 23.1332 937.396 0.00191425
E14-6 23.185 939.371 0.00190571
E14-4 23.1907 941.35 0.00190477
N15-1 27.7573 943.328 0.00132958
N15-2 27.7583 945.307 0.00132949
N15-4 27.8059 947.282 0.00132494
N15-3 27.8105 949.26 0.0013245
N15-5 27.8138 951.239 0.00132419
N15-6 27.8598 953.214 0.00131982
S15-4 28.7941 955.192 0.00123556
S15-3 28.8448 957.171 0.00123122
S15-1 28.8647 959.15 0.00122952
S15-5 28.8863 961.125 0.00122768
S15-2 28.8979 963.103 0.0012267
S15-6 28.9489 965.082 0.00122238
E15-6 29.0732 967.061 0.00121195
E15-2 29.0847 969.035 0.00121099
E15-4 29.1229 971.014 0.00120782
E15-5 29.1636 972.993 0.00120445
E15-1 29.1699 974.967 0.00120393
E15-3 29.2 976.946 0.00120145
N16-1 37.809 978.925 0.000716605
N16-2 37.8146 980.904 0.000716393
N16-3 37.8536 982.878 0.000714917
N16-4 37.8591 984.857 0.00071471
N16-5 37.8911 986.836 0.000713503
N16-6 37.8971 988.815 0.000713277
S16-3 38.4957 990.789 0.000691267
S16-6 38.5041 992.768 0.000690965
S16-4 38.5104 994.747 0.000690739
S16-1 38.5475 996.721 0.00068941
S16-5 38.5604 998.7 0.000688949
S16-2 38.5765 1000.68 0.000688374
E16-6 45.0375 1002.66 0.000505035
E16-2 45.04 1004.63 0.000504979
E16-4 45.0497 1006.61 0.000504762
E16-5 45.0877 1008.59 0.000503911
E16-1 45.0937 1010.56 0.000503777
E16-3 45.1499 1012.54 0.000502524
